year;mann;mutter;schwester;familie;gattin
1799;0.596417198219;0.707858421771;0.762765355595;0.726424954739;0.683007730252
1800;0.593298836361;0.714812175311;0.762447274813;0.725006277238;0.687600733738
1801;0.59184958894;0.717545836874;0.760613640469;0.725988676699;0.686293587654
1802;0.602705196127;0.718574964384;0.761850992086;0.734791070754;0.695709736656
1803;0.601001667249;0.718749212091;0.756615529709;0.733909415891;0.699189602694
1804;0.61328342302;0.724365590835;0.760067711484;0.740082674141;0.707453140318
1805;0.614724314783;0.723491728008;0.760860251912;0.743394794838;0.712487508308
1806;0.616853775352;0.727361368532;0.760634324651;0.742201052286;0.708931976028
1807;0.619950836899;0.728611612456;0.760127443037;0.738539240415;0.70624597202
1808;0.635055614495;0.734408244342;0.763301757033;0.739031199241;0.714104597077
1809;0.640738156511;0.737445883813;0.755470829353;0.738308162572;0.711496598349
1810;0.644691616254;0.736827000562;0.751882082564;0.732219826543;0.708842661019
1811;0.650320369858;0.74029380488;0.750914475189;0.73277931007;0.712289526965
1812;0.650570932938;0.74069164936;0.753170049733;0.732257146749;0.719554735243
1813;0.648751458616;0.746336263305;0.757477168027;0.731836622203;0.725976309364
1814;0.651000246988;0.749964437163;0.760337891894;0.734648933575;0.731290133333
1815;0.648914488522;0.751001123804;0.756914819653;0.735175018111;0.731638852458
1816;0.65847225056;0.751449888784;0.755764277681;0.733143516826;0.732836578444
1817;0.657054702572;0.753543046888;0.762138853724;0.73344245942;0.738736056185
1818;0.65469012454;0.751578715352;0.769908214121;0.736123055766;0.740466746051
1819;0.661672724652;0.747932297566;0.764122484792;0.735136170067;0.733668400865
1820;0.658573801889;0.751245970174;0.767908162735;0.73234605785;0.739150823876
1821;0.659536345673;0.752351334113;0.771770198996;0.730180063378;0.744676100412
1822;0.667262541537;0.75474923862;0.771855612318;0.728897617251;0.748556284477
1823;0.669949477078;0.75194647242;0.771700693191;0.729854519282;0.747173485125
1824;0.673951783181;0.752476066677;0.773770318881;0.727998657732;0.75178695804
1825;0.679572833322;0.753813967484;0.772569157047;0.731664150071;0.754265930272
1826;0.672554591504;0.756126648532;0.771103210946;0.728798060043;0.754179473504
1827;0.678077368307;0.755850417647;0.771114183002;0.72639049012;0.755430633135
1828;0.675338736629;0.762895146378;0.779975981736;0.730756902023;0.768120945379
1829;0.666501715768;0.761724375129;0.78458040878;0.72650016954;0.77291877137
1830;0.664241552814;0.760632406131;0.777072486835;0.719481123707;0.76300611353
1831;0.668252853744;0.764056281943;0.776422630148;0.723958297939;0.764007742639
1832;0.669467007411;0.764966525096;0.774389016626;0.713385754284;0.762962875463
1833;0.672264100557;0.764922973922;0.776577329743;0.70724776803;0.76555489122
1834;0.678934173551;0.766085044057;0.778393009611;0.707601765285;0.76736777101
1835;0.68351066886;0.765801626952;0.77944491793;0.707178693253;0.772133833519
1836;0.682957065368;0.766571805792;0.778187925931;0.707264195869;0.773161772242
1837;0.684908639959;0.764224425799;0.774772348404;0.708433592727;0.771995565098
1838;0.685811406133;0.762573664613;0.778441037347;0.709438449649;0.77375751768
1839;0.691969430644;0.765131472197;0.777939086818;0.71309460015;0.774777844058
1840;0.699901792826;0.767574362745;0.777948906715;0.708074526136;0.774663919574
1841;0.70304658349;0.773973226591;0.782056605302;0.709400239858;0.778619875484
1842;0.70627141419;0.773874037921;0.781704950046;0.714915018676;0.780813701111
1843;0.708268056262;0.770621923665;0.777893941328;0.71342471385;0.776638042568
1844;0.71224473178;0.775754059332;0.779912045069;0.716683498673;0.782311876031
1845;0.716489089245;0.778661945127;0.780115137963;0.721035562553;0.782424231065
1846;0.719717343999;0.780022991005;0.781451504173;0.724130006626;0.786977914689
1847;0.714703208812;0.783341917383;0.781254817856;0.721750629644;0.785135684917
1848;0.713650410663;0.783845025873;0.782706192808;0.725251636178;0.784155320411
1849;0.714919859618;0.784509939869;0.779822403288;0.721222517878;0.780907714444
1850;0.71838690816;0.788602125473;0.781185918361;0.726770338703;0.786272173896
1851;0.719515776149;0.789214712962;0.783465598383;0.724128808287;0.787997196241
1852;0.724233464903;0.793068490426;0.783432215386;0.72945025565;0.790944419801
1853;0.723765426563;0.794928465657;0.782605227888;0.72904580756;0.789459892515
1854;0.727348433403;0.795075810345;0.782788927399;0.725091848165;0.789668619259
1855;0.73082344502;0.797659073527;0.789131371828;0.727140550212;0.795355903005
1856;0.732629825705;0.799775068307;0.784756406274;0.729037431938;0.789248051244
1857;0.729467260726;0.8051366656;0.786533389689;0.730148796823;0.794834809176
1858;0.725330655477;0.804495862202;0.786584185745;0.726869091855;0.794831822084
1859;0.724202940897;0.80705498617;0.790137389149;0.731220678476;0.796064108353
1860;0.723646675952;0.805398199476;0.794908411372;0.735034763064;0.800719482507
1861;0.721517995046;0.804990367423;0.795552669955;0.733696953104;0.801636841645
1862;0.719434107001;0.805061182781;0.793976726965;0.730805931234;0.801444883591
1863;0.723498937591;0.807260745972;0.79318766267;0.735071200567;0.800551842607
1864;0.721059118088;0.806958278479;0.792822141282;0.734105673794;0.802946607179
1865;0.719511629215;0.808118501335;0.79282130363;0.732371798823;0.802767140557
1866;0.716468046272;0.809315308292;0.7937006245;0.736281561403;0.805527015153
1867;0.718564137088;0.812859700313;0.794244556532;0.739608970062;0.804851430274
1868;0.723589042753;0.813914285716;0.796328664498;0.741830994123;0.808841674063
1869;0.726488383182;0.814070969621;0.794571583567;0.742318970652;0.808555304906
1870;0.729967982676;0.814962129552;0.800756784607;0.742240074348;0.814182493867
1871;0.729204680908;0.8144845956;0.802752367532;0.74762283523;0.815041151443
1872;0.733221657682;0.81456025941;0.801995316007;0.744907506384;0.813860054773
1873;0.732230124427;0.813182562858;0.801757959915;0.744651717233;0.813881785929
1874;0.733808419162;0.812783302812;0.802475607737;0.743330947279;0.81331235182
1875;0.731683877315;0.813624605305;0.801042429641;0.745696592703;0.813825738298
1876;0.730630175839;0.811500982556;0.80200138614;0.742438189131;0.816594481942
1877;0.733450337513;0.80641635261;0.801245203852;0.739614413417;0.815825166217
1878;0.731175446154;0.809343702572;0.801382123376;0.742371020465;0.814433098719
1879;0.730361883047;0.810408604207;0.806385696371;0.743625909752;0.820778981149
1880;0.733846847361;0.816458014053;0.803740338418;0.745774272731;0.818439942886
1881;0.740249623969;0.816146237526;0.803454456267;0.74801831206;0.820429759635
1882;0.735558543265;0.817504233484;0.802920006361;0.747238352178;0.819823206159
1883;0.739282218595;0.819757471953;0.803616345878;0.75136922028;0.823970443891
1884;0.743425915707;0.820947860363;0.804240464667;0.756457563457;0.827556325188
1885;0.744894716699;0.818279104679;0.805173006047;0.758944479882;0.831350124809
1886;0.7464851336;0.817170401636;0.803361526275;0.760318739522;0.83065765112
1887;0.746940107119;0.817247250418;0.806899053876;0.759059751274;0.834107150336
1888;0.747363464057;0.819376386029;0.811778774783;0.760748957121;0.836902008327
1889;0.744793225099;0.819255333925;0.809829493253;0.762239738896;0.836712755035
1890;0.745511037621;0.819404157143;0.809865859038;0.760902079459;0.83533564249
1891;0.747307067781;0.820972965755;0.809930297339;0.764093650717;0.834149442647
1892;0.743217322536;0.821262633867;0.809122965374;0.764615807552;0.834459388159
1893;0.745387499213;0.822561148365;0.811490620219;0.764166194164;0.835983728238
1894;0.74620766292;0.82452678944;0.81130908231;0.763379696944;0.837351026323
1895;0.745694299662;0.82619401203;0.811234855663;0.761037341912;0.83703251354
1896;0.748008860998;0.823215145434;0.805951521002;0.762297499965;0.831560872404
1897;0.752360133546;0.82268792719;0.804418592246;0.764197734499;0.831844295828
1898;0.758542833408;0.825231495575;0.803637356405;0.764783552952;0.83191960558
1899;0.755260447754;0.826309346868;0.8057631769;0.765621807312;0.834805024584
1900;0.753946745177;0.827032402869;0.810118504734;0.764498205304;0.835346150302
1901;0.758804737019;0.825597687856;0.805521011223;0.763957564906;0.831271055541
1902;0.758402873475;0.825855517191;0.807082744457;0.76411906542;0.832008788442
1903;0.757220970569;0.826013929924;0.809327732459;0.768598798874;0.834750206257
1904;0.766304126854;0.827788320447;0.810601503183;0.772099119603;0.836784298694
1905;0.766868038191;0.82840869013;0.810949387579;0.77385538209;0.836851001934
1906;0.766404995562;0.829405440174;0.811132281024;0.774928930099;0.836967710735
1907;0.771174968376;0.828375899353;0.807940778403;0.778677190696;0.837330309742
1908;0.771871716912;0.826650548936;0.806852310429;0.783235434891;0.837331655591
1909;0.764573445102;0.829085750984;0.811329911602;0.785371321733;0.839686525047
1910;0.764320521701;0.83122175538;0.815697619477;0.785882037168;0.842797442396
1911;0.763158594853;0.832111082569;0.81509050767;0.788744049115;0.843767172517
1912;0.765700648069;0.833139544482;0.813801899551;0.790726586679;0.842787067725
1913;0.769723957676;0.832543052599;0.812481679601;0.792635052429;0.843320197633
1914;0.770353804005;0.834846684836;0.81087856351;0.794198337337;0.841025662078
1915;0.767202018474;0.834546398278;0.813780100385;0.794478530345;0.844213128671
1916;0.764185528142;0.834343356526;0.81099377837;0.792600213353;0.838840506535
1917;0.760412253641;0.835884628246;0.813919494017;0.795092830083;0.842226046414
1918;0.762851307387;0.834788976661;0.814769954729;0.795912743008;0.84475496975
1919;0.768290432947;0.836772543847;0.814637829012;0.795238467847;0.844702384803
1920;0.767627747504;0.840140357155;0.815971878356;0.791691384851;0.844783054254
1921;0.770266371703;0.840878377954;0.818567803349;0.791658996261;0.847688414755
1922;0.767584324352;0.840628276765;0.817785523817;0.791537333029;0.846088845027
1923;0.773166240204;0.840133422552;0.817880931437;0.792411155531;0.845562308299
1924;0.773467982062;0.840358183806;0.819393930817;0.78978196339;0.84637793603
1925;0.774225065412;0.84097386844;0.817298309966;0.789869548515;0.844189466208
1926;0.77785620568;0.841763678532;0.819343869573;0.791685511765;0.844553915324
1927;0.780850775972;0.845331607462;0.816288786444;0.793694150063;0.842983826756
1928;0.780811051014;0.845032910615;0.815496459943;0.798735727193;0.843758901089
1929;0.78751024164;0.845241223352;0.814508629323;0.798542418474;0.844943907344
1930;0.783712876761;0.845362892093;0.814917428707;0.798219902704;0.843071249238
1931;0.787386375854;0.848323809178;0.818049499764;0.798954783678;0.844981239128
1932;0.783271030207;0.847543787154;0.817997124911;0.800721266689;0.84295851879
1933;0.784259792668;0.850260932311;0.818321014325;0.798784052485;0.84324245099
1934;0.785400843141;0.853544333635;0.82131918094;0.80125143272;0.848367484815
1935;0.783707249639;0.853862334251;0.820701382741;0.799181268853;0.846097282848
1936;0.78429602774;0.853576680143;0.821183851557;0.799736353369;0.848479326071
1937;0.782827939865;0.853269470982;0.820524756277;0.800643351574;0.847852003799
1938;0.781658971959;0.854590202276;0.822071413045;0.802243025711;0.849946091744
1939;0.782059244231;0.853598260194;0.819467504071;0.80418815119;0.849322647623
1940;0.784230635631;0.855467003392;0.823738790796;0.802519870591;0.854908119817
1941;0.780047890329;0.855214165421;0.822669065176;0.801224063214;0.850918615551
1942;0.787842040938;0.856863707248;0.822778339401;0.801108317286;0.851747564755
1943;0.794373406026;0.855169064316;0.820953494473;0.801008047505;0.850112208411
1944;0.795525631864;0.853829598894;0.819621780013;0.798333053042;0.848576287662
1945;0.799023466795;0.855473210151;0.82064786717;0.796605534527;0.850129585289
1946;0.798166196264;0.852729303492;0.821169461199;0.79662531634;0.848991615154
1947;0.794998128109;0.851271880627;0.824526372408;0.795235545109;0.850376575974
1948;0.795764464153;0.855577161056;0.828029165698;0.795315311368;0.853572455848
1949;0.796032213075;0.856005371365;0.828478672828;0.796998793778;0.855471475919
1950;0.796140933486;0.851891441605;0.824939143541;0.793852322645;0.851534983928
1951;0.799332888366;0.851329701539;0.822784005631;0.794673101984;0.850248300605
1952;0.796637445912;0.850074629984;0.819646400231;0.792568315905;0.845794520701
1953;0.799973384376;0.850544577818;0.819157044607;0.790004887875;0.843168314195
1954;0.799983309944;0.849489771634;0.818975205443;0.789989593;0.843048883495
1955;0.800043325717;0.849873660847;0.820611458661;0.790403793395;0.842373524556
1956;0.796424012429;0.848750556897;0.820274860863;0.790613342506;0.842075369443
1957;0.794195999661;0.846356682213;0.819347953199;0.790442062486;0.839970407186
1958;0.793278107473;0.844675892301;0.817227641288;0.793036931243;0.839533625481
1959;0.791875325612;0.842188958477;0.817572317195;0.791522617367;0.83970407505
1960;0.789183195414;0.843892582538;0.819148215597;0.789813353761;0.841375485867
1961;0.789960697313;0.846038907103;0.820687240706;0.786455845799;0.841195919356
1962;0.788085486535;0.843579363211;0.818789818056;0.784239356592;0.837914559071
1963;0.793877547918;0.84192440587;0.817720622709;0.784897237695;0.83522095708
1964;0.794028773751;0.840662562751;0.818900797314;0.789604502324;0.836643620228
1965;0.794500080392;0.839026242132;0.818216843314;0.788662848046;0.83442719829
1966;0.790170828541;0.839071630622;0.815972680719;0.785816640333;0.831290680561
1967;0.788617262452;0.83796644953;0.816490588846;0.788036606759;0.832839621214
1968;0.789804384401;0.840590147632;0.815798504965;0.78833118799;0.832891697858
1969;0.7893565046;0.839960746365;0.815723586127;0.786840717208;0.83382929106
1970;0.793344730855;0.841229372433;0.819040838218;0.784696270871;0.83658592741
1971;0.790581431808;0.841618398541;0.818428762334;0.78267000274;0.835439082424
1972;0.791894515411;0.840929700467;0.816118306801;0.784677636234;0.832219001189
1973;0.792706974927;0.836781803348;0.816449680582;0.78052453289;0.830904950102
1974;0.792029972956;0.83318401584;0.817337183038;0.778053039133;0.828798644451
1975;0.78834727304;0.827031926162;0.810607245291;0.777101801707;0.822208043345
1976;0.786026179768;0.824242297976;0.806130567659;0.777902507311;0.818272190415
1977;0.78400346881;0.823303764803;0.80568996648;0.77655592605;0.817614509992
1978;0.786722092269;0.821280680869;0.801649287264;0.777147648968;0.815419054126
1979;0.782982406229;0.823306100562;0.798740344381;0.779393230853;0.813560981996
1980;0.789181169521;0.821587686046;0.797301073302;0.774993831629;0.811463551181
1981;0.786464446213;0.819162416192;0.794944036064;0.773277449155;0.8065215162
1982;0.784889707837;0.816063282523;0.793758233182;0.767861052892;0.802932539568
1983;0.784630325085;0.817940797381;0.793212081203;0.76762467983;0.804502513401
1984;0.78185120375;0.812771289829;0.787819409955;0.755032216613;0.797434672753
1985;0.782739296096;0.80839681827;0.784455773679;0.750969064147;0.792287072568
1986;0.783261462749;0.808953145971;0.782224561437;0.749552025504;0.792129274111
1987;0.789729656593;0.812168707122;0.782499518261;0.751438716046;0.794645158016
1988;0.790429606282;0.810848100612;0.782349112384;0.751987136787;0.794793165478
1989;0.792289572384;0.813348084738;0.781813296246;0.751157098964;0.792121796089
1990;0.788294827574;0.807757264337;0.777640310598;0.749516732861;0.787092064949
1991;0.793339155732;0.810242061768;0.777755177225;0.7528801326;0.789861825895
1992;0.798745068116;0.815690643463;0.781899508309;0.756109448472;0.797384372508
1993;0.802623224201;0.819779948746;0.786040890782;0.755930650478;0.803522058729
1994;0.807434252721;0.821834576248;0.785903027714;0.760524703113;0.804112211896
1995;0.804753609858;0.820390116134;0.782721626417;0.760561079715;0.800256473759
1996;0.809327945145;0.82595398934;0.784114916487;0.763957869158;0.803462327482
1997;0.810977668684;0.828186676324;0.782206750293;0.767921969607;0.80469250756
1998;0.816501871227;0.83156143502;0.785663137618;0.769013674753;0.81071746253
1999;0.813737811485;0.833621899515;0.788032138796;0.771045117263;0.813466265805
2000;0.817223761736;0.833130425007;0.787759576566;0.772596527612;0.812223495914
2001;0.817759432956;0.836928370744;0.791471980558;0.775087135075;0.814800501599
2002;0.819186446295;0.842804428891;0.794334866003;0.775647015851;0.81897270407
2003;0.824167661607;0.847214124586;0.797704377019;0.776865639888;0.823734691912
2004;0.826989381372;0.847602006134;0.797953864312;0.781436209002;0.823830147007
2005;0.831995190689;0.849188129542;0.801755388872;0.780456372006;0.827349244723
2006;0.832752832138;0.850277679234;0.803852152204;0.780240007194;0.828375430449
2007;0.834455503427;0.850326126837;0.804151111479;0.776818655003;0.826451910282
2008;0.840165375588;0.852592884276;0.80480719168;0.774643560354;0.827571663946
2009;0.843432633594;0.852531638694;0.807701185927;0.771390131486;0.830320384241
