year;unsterblichkeit;untertan;schuf;helfe;herrscher;vater
1799;0.61361628888; ;0.590764571192;0.601172045396;0.501784371352;0.565643872281
1800;0.633109258059;0.488977960102;0.596221014953;0.610158582286;0.509684498759;0.572307062414
1801;0.639755216601;0.487104215393;0.600921649527;0.618483400794;0.516035667604;0.579092009099
1802;0.636001268242;0.485474287563;0.607460827352;0.612486262351;0.526642457327;0.574047863253
1803;0.639148497191;0.473168549888;0.601712214779;0.609549597318;0.51944317318;0.569251061441
1804;0.643279019989;0.481409831353;0.611685800443;0.626775726049;0.531884620428;0.581743259032
1805;0.643843499577;0.482357445782;0.618176430412;0.63247368016;0.545305217808;0.591166970185
1806;0.639422123488;0.478252611764;0.631874681578;0.642719152857;0.542374046618;0.588568171999
1807;0.661404446548;0.486095279687;0.634796339447;0.646818271156;0.55548479931;0.595502242556
1808;0.655114412383;0.477553224693;0.641076763093;0.652140675305;0.557152560058;0.59818429803
1809;0.662034215811;0.496089324374;0.649546285098;0.653081114095;0.58268807822;0.606569196361
1810;0.662243495739;0.492895024756;0.654005177466;0.651885967801;0.578004944265;0.601213925173
1811;0.665560495218;0.488646917364;0.65165310379;0.647001085371;0.577414992686;0.593995100108
1812;0.649423272269;0.481194974644;0.626163053278;0.626579094;0.561184960997;0.603464377065
1813;0.646205782907;0.489257576643;0.636200031736;0.633527987045;0.586843173174;0.615802030653
1814;0.645294218028;0.490934706493;0.644532586265;0.645293757824;0.58594210222;0.626328661256
1815;0.656647925015;0.495068461454;0.648182300053;0.644112701709;0.598166202306;0.630645832047
1816;0.66745655884;0.500806846409;0.650136304024;0.644165130522;0.598803819957;0.62694286799
1817;0.670344633421;0.49943451021;0.643240114334;0.647899959386;0.601752386479;0.622352567762
1818;0.660123016135;0.502520181511;0.639287088911;0.66384651571;0.608924546582;0.618845667283
1819;0.658284867427;0.493530493097;0.640488510608;0.656301174562;0.604800898845;0.620215538985
1820;0.656576791029;0.498705005805;0.637350069034;0.652100921691;0.608654567304;0.62028567538
1821;0.659865226973;0.507401255728;0.64369211251;0.658831552487;0.620190604271;0.631122305336
1822;0.655989989749;0.509627065238;0.641746453069;0.657211702404;0.627391654515;0.633121290794
1823;0.656834862681;0.510872715777;0.646205484717;0.666694648377;0.631296312542;0.639190983088
1824;0.657476727006;0.518249853399;0.648484952966;0.673224418168;0.629109683458;0.651639801121
1825;0.654255427977;0.522828362755;0.665600029293;0.675898026653;0.64226918326;0.668635802849
1826;0.654920111503;0.515026732411;0.658068628054;0.668353508295;0.647571979221;0.661664426756
1827;0.661760007843;0.523071300634;0.662174127313;0.673998005745;0.655331681782;0.671850856553
1828;0.660981788816;0.522471324627;0.668025017211;0.680063874428;0.655574137638;0.672657480688
1829;0.662224461717;0.521513329042;0.669206534826;0.678379772223;0.671059418735;0.677797482087
1830;0.668251958256;0.525963492506;0.666358564827;0.681533723777;0.680100562685;0.677336874078
1831;0.670547390368;0.519621981631;0.665398559422;0.687949957793;0.673587083789;0.677601521842
1832;0.67029410822;0.528499543163;0.653046688077;0.682129830361;0.667538049544;0.66817009582
1833;0.668972452515;0.520224392228;0.656486433582;0.692448089083;0.662312918503;0.676691052957
1834;0.685448114833;0.531828775401;0.665335991406;0.697800286465;0.673494819343;0.685361425359
1835;0.683656791597;0.527031943442;0.675086978179;0.687453688404;0.674817136266;0.687129997123
1836;0.685992943049;0.538311057475;0.677344803275;0.696492741691;0.688594624208;0.698392059262
1837;0.683248287137;0.532801800054;0.675432095386;0.691636167292;0.689724500261;0.695704864264
1838;0.681316651821;0.527265694597;0.667278689527;0.688723889087;0.682732978977;0.690793272416
1839;0.686922123403;0.530703763781;0.673648806001;0.695079447635;0.690985680662;0.682475286695
1840;0.688772086636;0.542160207528;0.671517756223;0.696236474605;0.699714875845;0.67846524998
1841;0.683296449861;0.535933342877;0.667449094288;0.691247600325;0.692301077828;0.689909266167
1842;0.682986821104;0.53544947382;0.681944949245;0.696187393532;0.700362235731;0.706035335789
1843;0.692743539884;0.54091099867;0.687446492998;0.69592769763;0.706689406099;0.703910559246
1844;0.698608545517;0.548046832241;0.686407235009;0.701402121961;0.713730156679;0.708572443573
1845;0.697079286077;0.546468332152;0.68235642617;0.705346722242;0.707239914747;0.703878087021
1846;0.703796501833;0.547087482433;0.689945422139;0.712300496076;0.719061662694;0.713357130205
1847;0.700354525119;0.547904151008;0.695245924408;0.708703028885;0.722691347715;0.718275744278
1848;0.698052644448;0.548529871019;0.695461757694;0.712953409432;0.723272694638;0.727411436437
1849;0.690065464541;0.554229777815;0.695742319891;0.723317273021;0.725858181985;0.732284666559
1850;0.680280735511;0.550421987666;0.692614092923;0.722713844896;0.726621775294;0.736312174073
1851;0.681301436192;0.54265502222;0.690648182095;0.720670701311;0.723631290933;0.735914437213
1852;0.685307307081;0.548232494697;0.692176704896;0.727320603424;0.725021069116;0.741383583353
1853;0.686389524855;0.544182936804;0.692182636995;0.723122779876;0.72604408667;0.739979291011
1854;0.67834372737;0.545765349735;0.691282017165;0.724740106174;0.726780943958;0.749393494984
1855;0.677008054188;0.541731986954;0.690463746854;0.726499612161;0.72806866751;0.751783993878
1856;0.672704275821;0.538289982092;0.697976523598;0.726109470654;0.724382812968;0.756263830389
1857;0.677591696016;0.539851827328;0.698648274086;0.725597460882;0.7295184022;0.749747535315
1858;0.678086718803;0.544489928978;0.697723554067;0.727385290935;0.73699403704;0.75323455328
1859;0.680610866757;0.547567810901;0.699144372572;0.730402657863;0.738388722796;0.755303264507
1860;0.672272830162;0.537115014039;0.694855550678;0.72712051597;0.731623139355;0.752067812145
1861;0.682093893762;0.542123270674;0.695924526824;0.733828864719;0.735912105005;0.756644852815
1862;0.681434283731;0.544146322866;0.696261668171;0.738200664108;0.73429559243;0.761902772819
1863;0.677805941655;0.541035890199;0.691830979094;0.731863563961;0.734717872479;0.759565926077
1864;0.676593001423;0.543155120455;0.686912167527;0.727975383631;0.731186029946;0.754396688199
1865;0.680786780474;0.541828341427;0.691150760757;0.728889699195;0.736166958712;0.75496295536
1866;0.677547146503;0.537239492508;0.690672821643;0.727327050058;0.736143499708;0.756984651506
1867;0.681194166456;0.536174557698;0.69264822815;0.726103892048;0.734325201111;0.760095358371
1868;0.682436980625;0.553354961131;0.697714368357;0.734417751036;0.736999077347;0.75981134749
1869;0.674702583382;0.555484802709;0.694882387676;0.732575355246;0.73627425835;0.759506249244
1870;0.67883818721;0.550994777496;0.691883361833;0.722069678379;0.737747253798;0.756336886225
1871;0.685185545439;0.555008985633;0.698671501318;0.72790318295;0.741624684452;0.757166430198
1872;0.677653122564;0.553415335955;0.700867642174;0.731744039367;0.739760793317;0.756371345163
1873;0.678027672007;0.549647386955;0.697382053854;0.730987954626;0.736263825407;0.755600120596
1874;0.686670498796;0.554011803983;0.697037807112;0.72967668828;0.742547406572;0.753984360815
1875;0.682577030803;0.550968411563;0.698099643042;0.726659324645;0.739703493137;0.755362840816
1876;0.687521031306;0.554352825889;0.701603309786;0.723856968372;0.741074582989;0.755085504766
1877;0.687946370018;0.549045594614;0.696093928424;0.719305946839;0.736140270285;0.753545855431
1878;0.681262345757;0.553378445893;0.693664148734;0.725098959305;0.737750435025;0.7530847611
1879;0.688729006776;0.554793575975;0.701104583734;0.731255911379;0.746067413177;0.758457268675
1880;0.687966876692;0.550518368683;0.700048069498;0.730452199899;0.742463100559;0.754203146666
1881;0.688167751972;0.552330699641;0.698472023411;0.730061565199;0.742798167052;0.756562238037
1882;0.686332893379;0.550687321269;0.695710890777;0.734581752893;0.736902163945;0.754421157691
1883;0.68968795978;0.551353526111;0.69789437527;0.731843998218;0.739142699454;0.755352649482
1884;0.689226809035;0.550931631889;0.694748894;0.730117578288;0.733822155343;0.750870308267
1885;0.687683581911;0.551699865748;0.698130521298;0.733752803056;0.735737373955;0.752346785157
1886;0.686644332082;0.55328929795;0.699938488905;0.733555283642;0.739657452749;0.756796834977
1887;0.686438317441;0.552848312662;0.705681997948;0.737296756178;0.737109875211;0.758068995563
1888;0.687129025041;0.554071709837;0.704953539694;0.736049183985;0.74269140705;0.759459371313
1889;0.688967258779;0.551418429029;0.703988146107;0.734084276888;0.742827415181;0.759585527494
1890;0.691662764803;0.556182441417;0.703476606538;0.742273198992;0.747067171976;0.764075107378
1891;0.69250046601;0.55472593087;0.702459565459;0.739977912219;0.743441592616;0.764343368164
1892;0.693149108267;0.55593706745;0.702521645295;0.735365802058;0.743766067528;0.763302905829
1893;0.689270310709;0.550044885309;0.705369388241;0.733492769421;0.747318585353;0.760780322458
1894;0.690575792832;0.556368404676;0.706669572233;0.73818260124;0.748028171855;0.767407377115
1895;0.694009988687;0.563201400345;0.705830444074;0.739221648764;0.754061848586;0.768488284067
1896;0.694400041758;0.564605564487;0.709439973524;0.742667363299;0.755135100519;0.770819263839
1897;0.696390025028;0.571147414002;0.712686968566;0.743385650724;0.757749245846;0.775564305102
1898;0.695887636011;0.568380335765;0.711683719245;0.748253452055;0.749758236899;0.773829408109
1899;0.699406851735;0.580436087404;0.712077199161;0.746529196151;0.753884198786;0.773438114801
1900;0.699839135148;0.580829047789;0.713883700047;0.747480630564;0.751553915406;0.77206824407
1901;0.707364145671;0.586388408811;0.717790342692;0.745327964818;0.760299350891;0.777340333277
1902;0.70685264814;0.578945828306;0.719233475417;0.745540546989;0.757130088712;0.775039809766
1903;0.709845579867;0.584474525212;0.718992293807;0.748268737468;0.759873149288;0.776405659344
1904;0.709044062483;0.603864614025;0.713553750158;0.750459197724;0.756219015272;0.776475043986
1905;0.709770633087;0.611377260054;0.715202176273;0.751885625602;0.760778521534;0.777144459872
1906;0.707609209344;0.61186897039;0.716199337475;0.748915080444;0.759194785095;0.773815467512
1907;0.713257740265;0.612817161482;0.717340442433;0.746322809916;0.762092868227;0.773303479645
1908;0.716645028391;0.618263567415;0.715929904566;0.745926158492;0.764278230847;0.773809556733
1909;0.713762614716;0.625913978382;0.715718855;0.745062208424;0.764666845262;0.77741388479
1910;0.71436573221;0.628286043725;0.715757125927;0.74405733016;0.766987419051;0.778226497521
1911;0.713471969918;0.623765865978;0.71434907521;0.743251184135;0.75984219655;0.775213088709
1912;0.716433097656;0.631000446163;0.721447667939;0.746523258771;0.761014829683;0.777372986801
1913;0.713506048922;0.637487193443;0.722534604108;0.743652766739;0.761964140566;0.778267658983
1914;0.714242078461;0.648965414583;0.719803447126;0.743721059061;0.75968964866;0.778791066426
1915;0.712134789948;0.660304984222;0.719506216871;0.746874261055;0.758571089686;0.777528370721
1916;0.709301856813;0.66182889553;0.71838433552;0.746575572055;0.759745937442;0.774603673445
1917;0.709575319575;0.675859479723;0.717175358617;0.747126213852;0.760488919229;0.774362892962
1918;0.710271630127;0.674512440186;0.717944423445;0.747871748948;0.760770400386;0.775970422324
1919;0.709956281592;0.675110633421;0.716442471116;0.748399819652;0.760639968876;0.779589843699
1920;0.711126566775;0.682993256161;0.721272754193;0.748700308308;0.767203305005;0.784682611556
1921;0.716799279289;0.685666642022;0.725741958811;0.749427999053;0.770312617157;0.786548423562
1922;0.714403965173;0.680402246846;0.728506213983;0.744282930782;0.765307564845;0.782140068132
1923;0.724274761173;0.692958510863;0.72833506985;0.746233804806;0.770037260606;0.784491323615
1924;0.723294423491;0.695186234996;0.723623140769;0.741065519744;0.77470135579;0.781992276913
1925;0.720431066653;0.690898967434;0.727734570445;0.741851537467;0.774280946837;0.786041779225
1926;0.720750764737;0.698148850397;0.727899447413;0.743213001298;0.776782734567;0.791226108907
1927;0.722322030823;0.701133807475;0.727577000024;0.742658176477;0.777479241694;0.790990313296
1928;0.723408575502;0.702510436507;0.725518572391;0.744374257554;0.774203952244;0.790103045155
1929;0.722459595634;0.710968522649;0.727244404419;0.746594045624;0.77564826455;0.791951561393
1930;0.721796008724;0.715791978932;0.727087799843;0.744348022729;0.774609577037;0.787968735519
1931;0.721811938539;0.720128000184;0.725484750578;0.741960926732;0.780384141653;0.790812732439
1932;0.722420750642;0.721643383851;0.728564933014;0.742134425929;0.779958621446;0.787270479615
1933;0.723065799316;0.726091320774;0.730092714636;0.740153491511;0.784100014196;0.784327374462
1934;0.722336161236;0.729280212875;0.72789784969;0.740325522682;0.779854985775;0.787743690243
1935;0.722437966731;0.732984797944;0.729592353322;0.739981505847;0.781467643923;0.789212305017
1936;0.722237733771;0.738023687085;0.728203902084;0.741719017749;0.780439072252;0.791309873886
1937;0.720451999287;0.734178915731;0.728160483683;0.738396867214;0.776765459828;0.790890397312
1938;0.724209182231;0.739717709656;0.727626069232;0.746781912328;0.774657394782;0.789390644404
1939;0.723747575628;0.739785289413;0.726821832626;0.746906197119;0.775748806406;0.787791115112
1940;0.726223683346;0.744454028486;0.725580776854;0.743581428424;0.776083035008;0.792742167444
1941;0.727357572262;0.748470104895;0.726461102702;0.746921142815;0.780508914986;0.79796731233
1942;0.725827181528;0.747798112039;0.72699518977;0.745479573329;0.780738892776;0.795448625924
1943;0.724212143505;0.755281946986;0.730005666948;0.749874439232;0.780705685228;0.79555867988
1944;0.722782778616;0.761451971297;0.731188290271;0.748953859134;0.784568643289;0.797902019438
1945;0.716418168426;0.77403718531;0.737052734043;0.741061086339;0.797866183097;0.803681276942
1946;0.715440916775;0.771941536374;0.732316638873;0.738896888937;0.79475034956;0.802073082574
1947;0.716367036841;0.771969243827;0.725446326619;0.7313494797;0.7880333419;0.801013547604
1948;0.712717243744;0.772329503047;0.723300692343;0.731359609437;0.787760992825;0.800240658563
1949;0.720682226187;0.770563767763;0.718602561336;0.73321309486;0.787288418277;0.802017032313
1950;0.719158540939;0.772561409463;0.71801775042;0.733386555001;0.789754673737;0.804479384321
1951;0.718055472118;0.77081356443;0.719180700437;0.735327455457;0.787418642358;0.800383075406
1952;0.722437617768;0.774869265406;0.718870397956;0.741490739201;0.792510620199;0.80046271189
1953;0.723194069036;0.776569047739;0.717607419972;0.742594909185;0.792442189697;0.805095384074
1954;0.720999184858;0.77355171642;0.720535921533;0.74526857363;0.791012824188;0.801140045471
1955;0.719517264222;0.774029052175;0.718148737831;0.740738996611;0.792991072661;0.804043553727
1956;0.719820597165;0.775169797405;0.718904850147;0.742280535051;0.79421167822;0.804138124675
1957;0.721033660141;0.77485965702;0.713649849346;0.741829733653;0.79100704325;0.802846244442
1958;0.719642736476;0.777505568341;0.712113498328;0.742230952776;0.788503544291;0.802770363304
1959;0.722736546392;0.778036560089;0.711087349402;0.741973171053;0.792653321364;0.807230327198
1960;0.721636175738;0.780737913299;0.712507072539;0.743749404888;0.787511046253;0.805294082961
1961;0.720197871473;0.779229249813;0.713912281527;0.745296875366;0.785057025931;0.806184205598
1962;0.722053611246;0.782947573218;0.714818744794;0.748106145559;0.781874402971;0.80476381872
1963;0.725779612525;0.781402865778;0.71308144032;0.74568169876;0.784351736086;0.80224172581
1964;0.724459162929;0.782818665427;0.711045727882;0.744841398456;0.784249884156;0.80153089881
1965;0.722028129539;0.787341850591;0.709208561486;0.748038102763;0.783376160885;0.802703396039
1966;0.72452896882;0.784375922894;0.706531665909;0.745316461571;0.785349132592;0.802577218926
1967;0.727634414439;0.781659667834;0.705811131721;0.742161175469;0.785935335253;0.800863815289
1968;0.73296010182;0.785771100661;0.709470719278;0.746535421284;0.786527694592;0.801194932678
1969;0.729614034487;0.787048768704;0.712279125275;0.744368205348;0.788400902564;0.803180284139
1970;0.726908600203;0.787451710411;0.705711395865;0.741842916732;0.789860208526;0.800559750423
1971;0.726631737096;0.78860016911;0.705991712506;0.740310271222;0.790692879644;0.798997400477
1972;0.726063553214;0.788637861773;0.70739827339;0.740096539761;0.790105699678;0.798561301605
1973;0.72383752836;0.790907796176;0.708453198414;0.743215973813;0.791115577461;0.797899390936
1974;0.72661292707;0.79405918797;0.706679373613;0.742524249791;0.791391440738;0.800240716785
1975;0.72652976621;0.794937591947;0.704205923269;0.741893779088;0.789398278397;0.794895693612
1976;0.727551700891;0.79858015353;0.705204846321;0.74309926797;0.790061787829;0.798338469813
1977;0.726111666816;0.795791329114;0.702454332029;0.742330423603;0.787723177542;0.798668949551
1978;0.727154024854;0.794758283477;0.701884869026;0.740785410088;0.787830077925;0.801812908421
1979;0.727059434496;0.797323893928;0.700566029367;0.743687312836;0.789253920229;0.8030626048
1980;0.724219074539;0.799386212434;0.697051408411;0.745455996224;0.786572896364;0.803841955759
1981;0.723556091004;0.802862319175;0.693998459115;0.743913428553;0.788197060009;0.803331720435
1982;0.724884607039;0.801294724191;0.695068334672;0.745614296435;0.789621748252;0.804493351312
1983;0.724791121583;0.80084546721;0.6927091243;0.74683699811;0.789297845352;0.802880241932
1984;0.730087289135;0.798638252549;0.693896692978;0.744653670951;0.791446391909;0.799267332513
1985;0.730242201749;0.800058897863;0.693315975231;0.739429874888;0.79317450005;0.797124497453
1986;0.731917583537;0.802211443757;0.696761877417;0.742808876806;0.79476557581;0.801068846244
1987;0.731707057935;0.803405316205;0.697387257246;0.743439988594;0.79171041841;0.796848507958
1988;0.729575224051;0.80078427918;0.692533397862;0.744870075223;0.790714519398;0.798605334005
1989;0.733925266852;0.803441975806;0.69412189128;0.742021126475;0.793742894246;0.797105589736
1990;0.733523109474;0.804335396916;0.697015731073;0.743092809696;0.793208091854;0.797614651479
1991;0.730747887265;0.804098339908;0.6937681989;0.745806615183;0.790358419753;0.798453727477
1992;0.732312317376;0.804800859412;0.692749961182;0.745217773097;0.795226984555;0.800664280469
1993;0.732371813456;0.803831161015;0.692405463896;0.744087654998;0.795395485539;0.801651960528
1994;0.733918007828;0.807456637801;0.696450350857;0.747957327226;0.795052145167;0.804080464503
1995;0.734176871062;0.807081526237;0.697546934079;0.749295214818;0.793928206708;0.802951686865
1996;0.732901335253;0.806603940165;0.69542047937;0.748323504202;0.793537086641;0.799200114848
1997;0.735676794716;0.805463000395;0.698674740648;0.747620102254;0.796972533818;0.804131698483
1998;0.737176032257;0.804297783796;0.697272925969;0.746202358273;0.796378805342;0.803145148282
1999;0.738670169968;0.802297371258;0.697830161412;0.74288590182;0.798157638498;0.800431061754
2000;0.740923191817;0.802654844178;0.701401605701;0.741541639071;0.801467619457;0.799867070154
2001;0.743412586687;0.80650939603;0.705028418794;0.745995200889;0.804954309246;0.802168166236
2002;0.744224968632;0.806471395946;0.705935488244;0.746414593099;0.807631579813;0.805217383232
2003;0.744337224013;0.807865537221;0.706890238722;0.746780681582;0.805114880603;0.802851490856
2004;0.741057875243;0.804846158718;0.704588264261;0.745753015756;0.801560901248;0.798989886452
2005;0.738639256959;0.803951607489;0.707303078099;0.744734598155;0.802913219858;0.798247009904
2006;0.739561452858;0.806102558903;0.708142516392;0.744717956651;0.803066805743;0.80053535145
2007;0.739654623934;0.809624411225;0.707756163531;0.747309004075;0.80716866879;0.801432153634
2008;0.738363976376;0.810336204383;0.709192879908;0.747009287552;0.805704668989;0.800546429091
2009;0.73930932082;0.811161653729;0.713003672066;0.746102310455;0.807797479694;0.800995864039
