year;gnädiger;abgeordnete;kollege;geehrter;zebaoth;doktor
1799;0.682023591944; ;0.556401282339; ;0.69351819114;0.683781292986
1800;0.692582377132; ;0.565512217722; ;0.701456304501;0.690405493122
1801;0.682589589915; ;0.556922277896; ;0.696402518102;0.679407602598
1802;0.675321215991; ;0.547566299982; ;0.690148507188;0.675107369863
1803;0.680330584914; ;0.551990973552; ;0.692452179627;0.682202948128
1804;0.688610258245; ;0.557272961314; ;0.697364497507;0.685470996672
1805;0.674530658762; ;0.539356919033; ;0.687064014644;0.681652924997
1806;0.684095623337; ;0.550534095231; ;0.69575413822;0.691598767155
1807;0.685517272; ;0.548661966494; ;0.697645990613;0.6927492986
1808;0.690166237749; ;0.549001279832; ;0.703047753743;0.697684250366
1809;0.698314945697; ;0.555250860208; ;0.7108225605;0.706069794976
1810;0.69959465964; ;0.56086588675; ;0.71014350653;0.69835928242
1811;0.69730255462; ;0.559397137438; ;0.7121949233;0.698585711964
1812;0.704060107885; ;0.567460898066; ;0.718387083594;0.702019834453
1813;0.7052594013; ;0.572187413723; ;0.719145988126;0.704958955466
1814;0.715005682892; ;0.578278864001; ;0.727529263759;0.703312584139
1815;0.71425086693; ;0.576885462462; ;0.729356555511;0.703337467141
1816;0.706730377079; ;0.565390128767; ;0.726252080715;0.698552717764
1817;0.707551242145; ;0.570667862933; ;0.727126336085;0.701935384977
1818;0.705704586836;0.449346206732;0.571462871735; ;0.727257776559;0.701444893525
1819;0.699908641532;0.459395857481;0.566227717501; ;0.720206383146;0.696818473768
1820;0.7106548567;0.543550629192;0.582574402232; ;0.731288555156;0.714093575108
1821;0.699036864677;0.533502932261;0.566075638406; ;0.721189934727;0.701654222576
1822;0.709618608536;0.56767600734;0.584452076191; ;0.727280586589;0.70733724968
1823;0.718679840665;0.570120639953;0.591681611498; ;0.731322891983;0.713405676039
1824;0.720371597166;0.568982801395;0.594318544466; ;0.731381550708;0.713065042095
1825;0.716373118182;0.587700421508;0.588990585389; ;0.730046108348;0.709078359446
1826;0.715890398547;0.589032373243;0.586831909332; ;0.728294635007;0.705721673901
1827;0.720325953131;0.593046476197;0.593704112882; ;0.732175328792;0.71150162068
1828;0.720390515982;0.62731662031;0.592711483859; ;0.732432911195;0.711316604315
1829;0.720070412916;0.698225078349;0.592320723015; ;0.733889206825;0.707792374272
1830;0.715880670577;0.695780625775;0.591221408314; ;0.72979575696;0.710671086954
1831;0.716687532777;0.731170062847;0.597153992954; ;0.736032297879;0.723985909154
1832;0.711787763579;0.720776982146;0.585150652099; ;0.73046597656;0.71487524952
1833;0.720485121506;0.749974450792;0.594421000938; ;0.737090917781;0.716889569031
1834;0.724220210843;0.744208423471;0.596074893191; ;0.736652514476;0.724208588524
1835;0.717790327711;0.743873330264;0.587046384539; ;0.73516401269;0.721883907286
1836;0.724131967481;0.745870222269;0.598971720443; ;0.74022267632;0.73010945982
1837;0.723636697185;0.75439602036;0.596354781309; ;0.741463499563;0.729988457785
1838;0.73600260663;0.762246511475;0.615893134823; ;0.751516893712;0.743924666631
1839;0.729121473473;0.770320613692;0.605952321295; ;0.749355785158;0.741392113424
1840;0.726888037256;0.76377688062;0.602451846248; ;0.747920271633;0.738529242181
1841;0.739226857378;0.770886724937;0.613762685726; ;0.757602167348;0.746885453944
1842;0.731271709451;0.778198153026;0.601525084022; ;0.750108852212;0.735791262375
1843;0.727906886727;0.777274963241;0.603634843871; ;0.748867944022;0.733300383359
1844;0.731286522351;0.779845156524;0.618771933616; ;0.752455030589;0.737810191286
1845;0.736861998667;0.785952389421;0.622331101467; ;0.756964481211;0.745570349893
1846;0.73848460608;0.7826115914;0.62400188762; ;0.756613537243;0.745425345994
1847;0.734574681864;0.778923615385;0.618870306348; ;0.755817744783;0.745059274602
1848;0.735806185679;0.779355880537;0.622448841338; ;0.757996127172;0.748088575377
1849;0.736069147973;0.776762321445;0.623802567215; ;0.755464592637;0.749137607291
1850;0.7304966633;0.766438196643;0.617084278562; ;0.749443877948;0.751701397973
1851;0.734207195744;0.766766700058;0.612766472858; ;0.748780740901;0.755131505053
1852;0.739198628994;0.768356386827;0.621578591853;0.552150752085;0.75490291921;0.7598437105
1853;0.737185781992;0.769788953135;0.620220831282;0.552808398606;0.754665276876;0.762002917018
1854;0.734478206204;0.781185929483;0.620105279977;0.601186156387;0.753128750694;0.762369325097
1855;0.732031849304;0.776753422203;0.623712829439;0.594493118629;0.751166467771;0.757270760978
1856;0.732755187829;0.774314760046;0.625251273042;0.593508943975;0.752207288231;0.757517479263
1857;0.730399131288;0.779793463896;0.620210424182;0.592644707165;0.751797870926;0.756833387931
1858;0.733851375602;0.79232821692;0.62484593485;0.597511890848;0.753761283548;0.761693113631
1859;0.733668281901;0.790250466452;0.623073013538;0.615322145448;0.750814029089;0.759523854561
1860;0.734882323205;0.786027367762;0.623957926423;0.618844270278;0.749542212391;0.755367860284
1861;0.748140343583;0.799199550067;0.653620722946;0.6544309597;0.762408195139;0.769478540711
1862;0.74980875049;0.830411066683;0.685483629746;0.685659227194;0.766064570734;0.778247947528
1863;0.742964384468;0.832594370307;0.67504438998;0.673295230496;0.758469919529;0.767366074299
1864;0.74031302133;0.839995573034;0.672091009213;0.665234772373;0.754455026942;0.766763545947
1865;0.736637193897;0.842979599627;0.67304096451;0.660842923318;0.753958026834;0.764993117717
1866;0.740262475505;0.854895481316;0.681338263617;0.671480457811;0.755226296616;0.772680794079
1867;0.738686880891;0.854908507726;0.678370388196;0.669279343675;0.754973049648;0.772384198422
1868;0.736685751731;0.851335311543;0.675293372849;0.664930894127;0.752449046492;0.765080927201
1869;0.735191718433;0.854071580344;0.672981215087;0.661162313374;0.752713605548;0.762743939021
1870;0.734470245948;0.857008284996;0.673759653042;0.672964774832;0.752611203628;0.764407363227
1871;0.724687754783;0.852320015729;0.66203424445;0.669575994219;0.743791245457;0.752070628699
1872;0.72499005662;0.853277718449;0.664722144123;0.680503144967;0.744078013808;0.752100370678
1873;0.734767246021;0.861330581075;0.678954683474;0.688364070703;0.74944689468;0.762136382528
1874;0.733771890218;0.862640129332;0.682472207465;0.686920354649;0.749917472585;0.762122468044
1875;0.730120404666;0.855374940203;0.6772953947;0.683247742069;0.745273585041;0.753107545408
1876;0.729889235952;0.858813860624;0.682065397648;0.686752040579;0.745510102042;0.754704845114
1877;0.727588320089;0.862550852223;0.692455859373;0.694228130022;0.743275902568;0.754432478125
1878;0.731585835896;0.860651196887;0.695575120189;0.690664281934;0.745270847023;0.754627030558
1879;0.729297677567;0.858831260115;0.691484150673;0.688316491238;0.742062188271;0.751208427951
1880;0.727762369779;0.857929182877;0.695580257677;0.686703418615;0.741611870632;0.751390397279
1881;0.722137879826;0.857476306643;0.688511966295;0.67772233889;0.739386007136;0.748170913044
1882;0.723156150092;0.8598696838;0.690371978919;0.683414886324;0.739469308611;0.74567131481
1883;0.732211313774;0.877260453065;0.751471981384;0.699336160519;0.7487628281;0.762159020586
1884;0.735867431312;0.878001975863;0.755247026872;0.706337674092;0.751888018784;0.763717587415
1885;0.738766889742;0.890219350107;0.773446695246;0.71065346755;0.751366241288;0.767996067288
1886;0.730480356689;0.882275376237;0.766870786721;0.701230499464;0.742665819638;0.757384064996
1887;0.728264326328;0.883596692695;0.776086774727;0.702250047608;0.740350192606;0.755340905054
1888;0.723701623543;0.878697922318;0.771807476933;0.694230095045;0.733920303717;0.748786381441
1889;0.722191524675;0.878749424831;0.777974874779;0.69759820486;0.733590631426;0.749874292492
1890;0.720527484765;0.877272848807;0.774835081114;0.694222109317;0.729363280266;0.743652503538
1891;0.728745903909;0.885715291957;0.799448528873;0.707249008801;0.739053603145;0.756219677454
1892;0.727251598857;0.881038482508;0.798904014217;0.707037233063;0.734514830906;0.753261515955
1893;0.729222856345;0.883083685617;0.802139881798;0.709910459585;0.735869815962;0.756266594473
1894;0.730266819752;0.88575203795;0.803383996054;0.710578531164;0.739597669255;0.75674125051
1895;0.729679584937;0.879023587647;0.800159210312;0.7081752274;0.735842317958;0.751907942759
1896;0.727264257221;0.879507745953;0.803290385066;0.712814517155;0.733900732846;0.752271664689
1897;0.722675513962;0.872005109761;0.796266335889;0.710551457554;0.727082266793;0.742649113247
1898;0.718696617768;0.869876423524;0.792486512707;0.703655797799;0.725209332444;0.740719113978
1899;0.719785948636;0.867807214451;0.795475233094;0.705940107969;0.727547149464;0.742880595651
1900;0.716874588878;0.862548731164;0.789756223981;0.70393004144;0.726504769796;0.740930385033
1901;0.713007348771;0.859387968201;0.786830429308;0.699582821649;0.723948275672;0.739317209525
1902;0.712406941154;0.857622207307;0.785346648924;0.696770616112;0.723596737462;0.736704485185
1903;0.713037802277;0.859118779935;0.790326592879;0.702269767829;0.726507247577;0.741485194868
1904;0.709317199956;0.857997525003;0.788144496893;0.697623685046;0.723617621145;0.736521431681
1905;0.713038033585;0.862757454474;0.798134459848;0.705109245662;0.729394724711;0.744928880062
1906;0.70827731213;0.860047177345;0.795465718564;0.698514966715;0.724797520462;0.739083581054
1907;0.707802959535;0.860944013631;0.795993895283;0.700233716689;0.722932825118;0.737858958123
1908;0.709769260973;0.859836646722;0.799596245096;0.702487877328;0.724441441597;0.736903370821
1909;0.70993474408;0.858352062514;0.798114191469;0.704075123701;0.724762987671;0.73564769348
1910;0.716562292209;0.863527490539;0.808950560614;0.712341189811;0.731659242157;0.746708997971
1911;0.721958763467;0.873172341952;0.820348514503;0.724172644816;0.735330630468;0.755559471171
1912;0.714388864845;0.872135194253;0.814842151736;0.715430044333;0.728000024831;0.747981888457
1913;0.719318118764;0.878565540413;0.824702340856;0.723932821821;0.732237620945;0.75713902471
1914;0.722236470308;0.880367707046;0.829554485949;0.728910768967;0.735993491974;0.757215109972
1915;0.714861267497;0.875758890985;0.822790181523;0.722718659993;0.729529743076;0.750981070825
1916;0.719615555994;0.877493530643;0.826181908652;0.727898739061;0.731838070215;0.754693310078
1917;0.719143852873;0.877283830605;0.827533854636;0.728578650497;0.731223097758;0.755708707711
1918;0.721960462697;0.879736208276;0.832117431922;0.733451054143;0.733242968681;0.757646921187
1919;0.717460094214;0.876862931014;0.827477041172;0.729316486099;0.726775496237;0.754887583831
1920;0.71960419374;0.877258741407;0.829757995691;0.734080352951;0.727814707004;0.753735920517
1921;0.716469109781;0.874341935573;0.828130805076;0.734114200479;0.723360259416;0.75037095572
1922;0.715212589223;0.87361645478;0.829545738189;0.730679446038;0.723762185985;0.751881336089
1923;0.716416996279;0.873210541004;0.828365029725;0.731501030465;0.723521178604;0.752104087999
1924;0.714593999802;0.869758697497;0.825990233859;0.726205964738;0.720700279897;0.749210008944
1925;0.706002104847;0.862023337006;0.817344294467;0.718514271575;0.712262745274;0.744619972918
1926;0.7067728871;0.858976570813;0.814632152836;0.722387960354;0.71105751938;0.746584520917
1927;0.705053250723;0.855547279225;0.814108636195;0.725399801176;0.710605409522;0.745911095347
1928;0.707075710375;0.854205666624;0.815487531118;0.729178941976;0.712793630787;0.746822925766
1929;0.709195367955;0.85174091823;0.814355658674;0.72994896733;0.712785225474;0.747126669967
1930;0.701319618595;0.847719242841;0.809847913329;0.721954595451;0.706846042859;0.740186893287
1931;0.703135594839;0.847070082162;0.810683435027;0.7256876415;0.70748634435;0.739352394288
1932;0.702580121817;0.84987411823;0.813302370441;0.72717252536;0.710081129244;0.739695863321
1933;0.705356588544;0.846334860815;0.813189428361;0.731943926372;0.712460959201;0.7328260255
1934;0.703655487653;0.843675609604;0.811318599741;0.729998078471;0.712181761433;0.726868697759
1935;0.699516286075;0.839494234004;0.806992416065;0.727146125247;0.708730022351;0.720989682859
1936;0.701496865687;0.836451058511;0.805943246147;0.729552795289;0.706845289875;0.714297630278
1937;0.704305343094;0.833927162264;0.805861057461;0.736076917046;0.708844172876;0.719822010421
1938;0.70370812223;0.8347433925;0.805995925876;0.737178064328;0.707847013368;0.719783072091
1939;0.704016075368;0.833996627885;0.806225737002;0.736414987983;0.707505504714;0.718826327779
1940;0.705600030029;0.830825210771;0.805781244352;0.738892965943;0.709268415894;0.720872719629
1941;0.705530320212;0.828134985902;0.803965007807;0.739790738655;0.708898814201;0.722306771223
1942;0.702354020957;0.824339651604;0.801013081528;0.740016342036;0.706318325587;0.721108105363
1943;0.701632672738;0.823658238391;0.800544771688;0.73955332469;0.70500551535;0.723105175393
1944;0.705720514517;0.824392521845;0.803432837523;0.743070656231;0.708358663938;0.728521211915
1945;0.713836299438;0.826722895554;0.810998695932;0.751378705553;0.715774531932;0.738731492883
1946;0.712622006513;0.823875404079;0.810210109821;0.75110905214;0.716621015233;0.736878259419
1947;0.723999456146;0.826533520041;0.819951135686;0.763901765791;0.723887238635;0.749011243896
1948;0.722388875624;0.830114114948;0.822093916184;0.761847542782;0.723565636066;0.748964086283
1949;0.722370914632;0.833494353272;0.826307622676;0.764834677905;0.724070969528;0.74943726716
1950;0.724253542036;0.83880591184;0.829612415321;0.766110694829;0.72596541003;0.745205909957
1951;0.723599456618;0.834829729712;0.828712187035;0.768808827832;0.725171719134;0.742571444875
1952;0.721345170178;0.833870985822;0.826708089269;0.766259473607;0.722772787168;0.743032151468
1953;0.715150249596;0.832104212358;0.823397962861;0.762623305649;0.717891459176;0.739590410955
1954;0.720907483141;0.82940814103;0.825878963408;0.765921999357;0.721329952411;0.741096003725
1955;0.718555491143;0.827033671502;0.824749214132;0.766930206039;0.720169815929;0.737394630663
1956;0.717161297987;0.826081805525;0.824425525691;0.768155177687;0.720963444441;0.735651827916
1957;0.717512276513;0.825404217377;0.823573583137;0.769997041642;0.72061433261;0.734005192533
1958;0.716847552714;0.825400673355;0.82290505369;0.769433543424;0.719794760985;0.732176985238
1959;0.717242174769;0.824931843709;0.822293456987;0.768337805921;0.71980318407;0.73137191245
1960;0.714910858825;0.823485598927;0.820285554932;0.768755120363;0.716739354974;0.72846684134
1961;0.714624501374;0.821981379701;0.820692398496;0.770718734169;0.715633003998;0.723670967926
1962;0.716458894108;0.823281458207;0.822624662979;0.773733876846;0.716978500889;0.724606823247
1963;0.716119428815;0.826410663255;0.825758662332;0.777109809916;0.719355053611;0.725924961816
1964;0.717680926037;0.825902030961;0.827910157598;0.781694339657;0.720595694425;0.727412319825
1965;0.715780462279;0.824689440906;0.826683506709;0.780741006017;0.719158184079;0.726576457818
1966;0.71584071146;0.82391729575;0.825507066611;0.781834863565;0.717793622766;0.724277409846
1967;0.718306189365;0.825370581049;0.827392752741;0.786784003687;0.719152797659;0.725503522453
1968;0.715712654602;0.823856242381;0.82659888199;0.785380569823;0.716356194528;0.723862779122
1969;0.720794223728;0.825277968187;0.832508009299;0.791587366374;0.721018291045;0.72712436997
1970;0.721821840532;0.829593272242;0.83607771705;0.794673835358;0.723718903407;0.727569981639
1971;0.720288094242;0.828463282967;0.835633811464;0.79470110601;0.719708837587;0.724853241568
1972;0.723567626994;0.828968868321;0.839942901639;0.800344624584;0.720236366861;0.727162189546
1973;0.722234539374;0.830435320631;0.840645547689;0.800539891702;0.719834986788;0.726194881759
1974;0.721657211984;0.827572828504;0.838729284832;0.800397265419;0.719196429579;0.722788255401
1975;0.722233222814;0.825505685038;0.839009750349;0.801915628738;0.718757799414;0.721333252587
1976;0.721577607292;0.823998055085;0.839548896315;0.802237530744;0.719068212856;0.72029494578
1977;0.723165220289;0.822552725704;0.840280257245;0.804543071918;0.721058157004;0.718620831653
1978;0.717431594374;0.822219853541;0.838049143442;0.800174260701;0.718097365018;0.714426316364
1979;0.716817011196;0.819515229844;0.836467565624;0.80018427525;0.716166557975;0.713676071317
1980;0.715222783845;0.816463787674;0.834719262716;0.800139673724;0.71565261557;0.711734865646
1981;0.71622220647;0.817844432762;0.836851638251;0.800234425613;0.717943061873;0.713894038669
1982;0.720380796647;0.819651702997;0.839267292231;0.804468872123;0.721633709574;0.717126350694
1983;0.718609902638;0.81792329084;0.838903525904;0.803469939905;0.721034204064;0.716454227946
1984;0.720387874429;0.817468285517;0.840722860394;0.806066583915;0.722366990328;0.718231736262
1985;0.719504590024;0.814210244118;0.840158239066;0.806148947534;0.720191739119;0.715608413714
1986;0.724709439188;0.814959349273;0.846060374248;0.811086972256;0.724148121344;0.719385066717
1987;0.723978092695;0.814307595015;0.846100479671;0.810983486544;0.725043189669;0.717087865881
1988;0.724405730127;0.813794666191;0.847481027825;0.812870969699;0.723923135574;0.717018156001
1989;0.724628431946;0.811808469269;0.847734668569;0.812650444887;0.724805297964;0.71743725249
1990;0.723389631175;0.811047393166;0.846558693687;0.812278912448;0.724688003312;0.714952602375
1991;0.725631503134;0.809154964711;0.847093574653;0.814069105759;0.727288223263;0.718121141417
1992;0.726083693666;0.813148614417;0.851762803477;0.81571579166;0.727738006213;0.720516601619
1993;0.728585395755;0.810661631724;0.853062439571;0.819666428475;0.72930390232;0.720959191135
1994;0.728360570645;0.81054214106;0.853393167228;0.820405395088;0.728590607954;0.720054401809
1995;0.726023656168;0.81404973043;0.852286080864;0.819641716298;0.727423961579;0.717845109388
1996;0.723794159246;0.812492325203;0.85072417014;0.818242382274;0.725424680226;0.716443405395
1997;0.722965160795;0.813761430855;0.851744733141;0.819228710039;0.725912940829;0.716789132241
1998;0.722731270055;0.812558900323;0.852096212986;0.820257717136;0.726068820067;0.715119197484
1999;0.721063500343;0.809939807617;0.850173267919;0.819224988164;0.724817300778;0.713366701496
2000;0.722537398867;0.808512864978;0.850918295528;0.819971796735;0.725561498356;0.713775910958
2001;0.718815983124;0.806218753017;0.848406287409;0.817282887418;0.723276288401;0.71000880223
2002;0.719355502413;0.806056598988;0.849258880591;0.818533916081;0.724884573385;0.710156144925
2003;0.718477138778;0.808683403557;0.850829294559;0.818657606916;0.723774871744;0.710447775604
2004;0.718630961702;0.807194274829;0.849880778635;0.81828706169;0.723515324321;0.710101100272
2005;0.715400002709;0.805502546755;0.847786985589;0.81458260156;0.721748771206;0.708259493944
2006;0.71647435415;0.803889180352;0.849031321454;0.816453104111;0.723426291929;0.70863017987
2007;0.716681758548;0.801864293194;0.848779896736;0.816667259859;0.724085850838;0.707125464164
2008;0.715487267934;0.802671843462;0.847350612962;0.815088341904;0.723934684007;0.70582381962
2009;0.715741385649;0.799808254402;0.845281032366;0.814522141697;0.722895010115;0.704540513059
