year;erschrecke;gehirn;gemüth;lunge;bett;ohr
1799;0.613120780846;0.600251576948;0.618592289236;0.576021992475;0.614603595924;0.535018676691
1800;0.614867842962;0.605060813557;0.620284494634;0.579965971843;0.61688012367;0.539239448037
1801;0.612786684916;0.611284161312;0.62617760373;0.584599485245;0.619498429998;0.537022756733
1802;0.621169611601;0.611875498533;0.625854509332;0.591746488065;0.621761439934;0.544254734151
1803;0.640232432862;0.606163092303;0.622807876766;0.593473578579;0.621955118209;0.555834886605
1804;0.639438138403;0.606624200528;0.622075053924;0.598917637096;0.620133354365;0.550235218842
1805;0.637555495772;0.602473676447;0.618162107553;0.596341125763;0.61809974055;0.546394457213
1806;0.624825347345;0.605809569438;0.618978513368;0.601536593537;0.622258161422;0.545062794443
1807;0.626798102159;0.611220987376;0.621183999217;0.60230900764;0.624906535532;0.552038823564
1808;0.635870226514;0.619756357192;0.629594571207;0.614945108581;0.641899659035;0.566703977204
1809;0.63653484694;0.618600781196;0.633515357312;0.616798013666;0.630756927961;0.568087536329
1810;0.635365244508;0.623293793805;0.63913255324;0.623022588565;0.629109870985;0.567544318032
1811;0.627095103733;0.626255608234;0.647210256004;0.626168456307;0.624130424591;0.565173195465
1812;0.632587760855;0.621267094871;0.652840163792;0.615457477739;0.597701356725;0.565036602911
1813;0.634904757531;0.617370133511;0.650637194307;0.609535977782;0.59794391707;0.567515993938
1814;0.628253649478;0.619676307986;0.651044056425;0.609064386396;0.598035698798;0.567787588017
1815;0.622806095199;0.62130156994;0.656375434291;0.611993828721;0.599808917124;0.567877171737
1816;0.623915917114;0.626139387909;0.659588232905;0.614798186548;0.605696181242;0.569870470751
1817;0.624369161661;0.629200667074;0.659878625838;0.620997190773;0.604673311157;0.571478704354
1818;0.630352776254;0.635442096249;0.662398210227;0.614628788209;0.604946072336;0.573605622167
1819;0.62634752379;0.643015755037;0.663420998594;0.620850022534;0.6056961395;0.571679400269
1820;0.640638366889;0.634710068593;0.664677579145;0.622254095796;0.609005420461;0.572709688001
1821;0.639285913036;0.633043537572;0.667491655473;0.625767089394;0.608503375733;0.574870350747
1822;0.641256952358;0.639410938956;0.674006536655;0.63152073295;0.614775779355;0.577125012765
1823;0.644127539931;0.642138278688;0.679605731767;0.630688316902;0.615962549807;0.575240885623
1824;0.639137709563;0.643860949056;0.682231590208;0.63338068948;0.612673104463;0.576355672159
1825;0.644199546611;0.645615162062;0.681614169139;0.635446695909;0.61555919072;0.57572594148
1826;0.650431463917;0.642055636787;0.685265540452;0.633191245528;0.618056337938;0.578258823621
1827;0.645477896343;0.641906339981;0.684379946974;0.630823337317;0.618991128028;0.57735658502
1828;0.646356787932;0.641982793448;0.685144709152;0.631099276287;0.619956642687;0.581183131201
1829;0.646755272762;0.646731359246;0.69129414422;0.638441501227;0.621564351417;0.585003772521
1830;0.651191765132;0.650001306155;0.690554037924;0.637341942646;0.624451735507;0.588034820685
1831;0.651561244206;0.650929345285;0.692341717822;0.639473215603;0.623097763969;0.59220625813
1832;0.645221912234;0.651837522204;0.691875679251;0.638111729427;0.619593805125;0.588448147578
1833;0.64793775158;0.650223460018;0.691443287864;0.638402612314;0.622172638714;0.591495330283
1834;0.650889250735;0.650062553295;0.695020798744;0.639453329256;0.623591916776;0.595338587439
1835;0.653014760478;0.648626147844;0.697491263556;0.638115007989;0.622764780485;0.598652459692
1836;0.655290594606;0.651191401494;0.694315221712;0.635699198679;0.627641092501;0.606035116556
1837;0.654419319557;0.649704470789;0.693181042782;0.640401127608;0.631642571056;0.60743596109
1838;0.656756201702;0.64756690411;0.699081643447;0.641009238097;0.630739019819;0.611647561475
1839;0.653339954443;0.643297311303;0.694878104597;0.636110456154;0.62997415701;0.609653987783
1840;0.654992491274;0.645847252782;0.697631614551;0.637971990873;0.63276441817;0.613235442861
1841;0.650297395721;0.647352184035;0.696460713494;0.641069710941;0.6347286303;0.613428013687
1842;0.650314502208;0.647951831064;0.696272770506;0.642908486184;0.635467925532;0.615700105637
1843;0.651820516949;0.650297681203;0.700221955102;0.648056209384;0.63738028235;0.618576401938
1844;0.649873179838;0.652863636785;0.7000386666;0.65239769404;0.636651990253;0.618074237954
1845;0.648265409643;0.650919721473;0.698703203089;0.650244870415;0.638212709926;0.61799892513
1846;0.644175168337;0.652736217963;0.699402530062;0.653243160107;0.636603051911;0.61689234595
1847;0.650757179622;0.655679565572;0.701848096658;0.656797142954;0.640975470008;0.620149303871
1848;0.647002364755;0.654908040662;0.698873382174;0.655061826106;0.640904710912;0.623861299934
1849;0.652367287759;0.655253085776;0.70116633893;0.656607141585;0.64412168942;0.628475422274
1850;0.654978203601;0.655308507191;0.702901635774;0.659704834969;0.642749638061;0.629020118021
1851;0.656999151858;0.658395444187;0.707151492888;0.66487206813;0.647710215231;0.632704520339
1852;0.659319555059;0.662090530631;0.710925246289;0.666679716016;0.648415445112;0.636435153092
1853;0.66094642386;0.663966480168;0.711344851881;0.66616392306;0.649414856838;0.63819485317
1854;0.657557302608;0.663391676896;0.712051479206;0.663769344948;0.649926821248;0.639988448158
1855;0.656283542471;0.670945756172;0.715844119952;0.6653495901;0.654213888271;0.644735467074
1856;0.660307198217;0.67010432182;0.717289207715;0.662527892687;0.656626541071;0.645720645932
1857;0.666558253627;0.669244266295;0.716308026061;0.664336206586;0.658912181603;0.648445162931
1858;0.665008284972;0.672269655612;0.71905974277;0.670411532909;0.658494322025;0.650907397651
1859;0.659854021771;0.676209725102;0.723776067305;0.670801281434;0.655806030925;0.648435102026
1860;0.659817240718;0.677677898781;0.722673767893;0.67023460178;0.657132334745;0.648843094527
1861;0.660216546425;0.679460433169;0.72498629995;0.672865289614;0.654361023919;0.651132622181
1862;0.657222651438;0.679748817814;0.724544230748;0.666196537518;0.65442073239;0.653274481398
1863;0.654683713076;0.681949692495;0.726250799405;0.669128728999;0.653310045493;0.652222303635
1864;0.653329543802;0.685685602617;0.72595197673;0.670545859356;0.658451788186;0.656430628563
1865;0.657237185268;0.688239646867;0.724080917949;0.673696919807;0.659662236898;0.657963408363
1866;0.66037985889;0.689247862949;0.723429746592;0.672151649121;0.661757374261;0.661056250674
1867;0.655145498669;0.688037238507;0.719738952771;0.667776922601;0.659766240895;0.66015091395
1868;0.656985230483;0.689582778751;0.721762531099;0.670545094465;0.65907786319;0.662029139921
1869;0.657013629028;0.686467792671;0.720189036083;0.666075989354;0.657827696739;0.662122371652
1870;0.654774327246;0.686378659676;0.717125486849;0.665074194626;0.656510976272;0.660879666097
1871;0.657568182649;0.690693704322;0.719243465758;0.665285091167;0.655834227798;0.66376482935
1872;0.660683558157;0.687827210551;0.718130216969;0.664545284448;0.654635107465;0.663432731923
1873;0.660653901771;0.688987228036;0.719920609877;0.663646559671;0.655442224076;0.665132721735
1874;0.662466966743;0.683910006947;0.717372393322;0.660579771719;0.65377177647;0.667601751369
1875;0.661564225707;0.686961251222;0.71781734264;0.664888570676;0.652495696572;0.671391701669
1876;0.659119442088;0.689915669717;0.719289327159;0.665881131793;0.652661434488;0.673336032203
1877;0.65571592539;0.692016471277;0.718726161833;0.667503060969;0.651151010034;0.675661470775
1878;0.653739820986;0.692553295299;0.717614330965;0.667254875277;0.649123305786;0.674956255476
1879;0.657365602533;0.695363798015;0.721925122813;0.669315174389;0.651281897374;0.678364408874
1880;0.65498741599;0.697689266267;0.724423360611;0.669494962944;0.651055063569;0.67866033467
1881;0.656882418427;0.700089671483;0.724195676104;0.676379614524;0.652107523237;0.679666378212
1882;0.657073356515;0.696644318039;0.722420858741;0.67416007529;0.651963577773;0.679022476765
1883;0.661117788556;0.69764504443;0.723031614165;0.674878581453;0.653803746084;0.683545155965
1884;0.663061899475;0.697825337534;0.725085471236;0.675276705446;0.654987819625;0.686320454849
1885;0.661021499713;0.701001648124;0.727977772644;0.675272906354;0.656738689544;0.688545176413
1886;0.658253499998;0.69757094498;0.724350126776;0.672222193719;0.650729232522;0.687900514429
1887;0.662331010202;0.698506776264;0.724367306271;0.673044979961;0.651764686732;0.690760908553
1888;0.665017186641;0.697147568318;0.725651586255;0.672376529687;0.651945563469;0.691464776308
1889;0.660820032151;0.698040121897;0.724177092732;0.672257425467;0.648885286627;0.690578971493
1890;0.665971579831;0.699687452446;0.72765163199;0.674773733679;0.652667246214;0.691894471496
1891;0.668574302672;0.695918883644;0.728071577743;0.674830782046;0.653844095726;0.693296022266
1892;0.665189803219;0.697340657932;0.730222076001;0.673336402737;0.6529872117;0.693527452313
1893;0.666353725378;0.699553244171;0.728983301054;0.676308962033;0.655485645388;0.695652175173
1894;0.666859323489;0.697480736253;0.724807520969;0.673555936707;0.652276614023;0.695123504032
1895;0.666288827898;0.696479801384;0.722731531467;0.671837955073;0.652955158326;0.696518551966
1896;0.661635042539;0.698544699532;0.72265814688;0.67321139558;0.653277497465;0.697505663881
1897;0.65989343354;0.698250537732;0.721451708038;0.674515670654;0.652033000304;0.698815567031
1898;0.658079095206;0.696357769572;0.721374583858;0.672682613576;0.651509816291;0.700845866079
1899;0.659080350276;0.698419762747;0.719279269758;0.675756488476;0.654428886138;0.700647644911
1900;0.658909952151;0.69887466098;0.719328329321;0.678021681533;0.653693129797;0.699515301389
1901;0.660176706743;0.700797745683;0.720061971222;0.680311279407;0.652742162334;0.699697245282
1902;0.658191150282;0.701791503899;0.720023349079;0.682913403873;0.654016360064;0.699393821761
1903;0.657097443361;0.701341890326;0.719746316056;0.684759472183;0.656904200195;0.700183220812
1904;0.657805604842;0.703466391658;0.719797443365;0.685376115611;0.656057317377;0.702397706475
1905;0.657593428279;0.700614070156;0.718197141508;0.685176558027;0.655724299571;0.702043519768
1906;0.656229237589;0.701130580406;0.716477059175;0.685540782489;0.653668129311;0.702546190278
1907;0.654044634969;0.702360226463;0.717068899974;0.687618778445;0.653019840237;0.703535641893
1908;0.656837354131;0.705588612797;0.717202735886;0.692142010738;0.651358705301;0.703438920163
1909;0.656356260996;0.709161471552;0.719236005753;0.696229584071;0.651975918192;0.705673969913
1910;0.655276289155;0.708571518783;0.720794846628;0.695610156961;0.652486487432;0.708214650024
1911;0.655988106535;0.71065504789;0.721592495998;0.697478458245;0.654347657588;0.709741460697
1912;0.658116075455;0.709790239969;0.721212385451;0.697687116227;0.654286256917;0.707703550313
1913;0.656747972105;0.714240557287;0.721913278373;0.701465360166;0.654937080312;0.709926248343
1914;0.65428745169;0.715407552254;0.724390661405;0.701945334738;0.655409321905;0.709455670702
1915;0.652064206396;0.717005408904;0.724692967535;0.702742944012;0.657816315336;0.711962223465
1916;0.65215774847;0.718531740758;0.724612703559;0.704890774672;0.65933455115;0.714348650529
1917;0.65303423269;0.717963891285;0.722677563756;0.705547203556;0.659614115038;0.714649047617
1918;0.653417317082;0.716082301975;0.721495156677;0.703763106079;0.658366777652;0.714723869219
1919;0.653053327272;0.717884393003;0.721910396572;0.705808581147;0.660253391029;0.718026039922
1920;0.652264812879;0.718589316107;0.720749241146;0.706692743379;0.658051074377;0.71940807156
1921;0.650619498584;0.720194252867;0.720254931647;0.707282860691;0.660810218353;0.720121259082
1922;0.65221748372;0.718668925046;0.721061178829;0.703212423094;0.659658810175;0.719733432391
1923;0.651111125256;0.717231582182;0.722650215395;0.703612815221;0.658845955969;0.718727122088
1924;0.65124717456;0.716411787833;0.723985172304;0.703463202108;0.658134787241;0.719803225507
1925;0.65475827572;0.71794823204;0.724671342109;0.706170592461;0.658268061914;0.721425322339
1926;0.654151766397;0.715814191412;0.723293133585;0.705349349858;0.65711743697;0.720724241191
1927;0.655010055011;0.718453911351;0.723458320182;0.704974613098;0.658543043433;0.722187605608
1928;0.653049236241;0.720427271208;0.725704504831;0.706557856915;0.658892073529;0.722565901131
1929;0.654160175366;0.719892790915;0.726392318287;0.706177506194;0.659300726116;0.724049292927
1930;0.656295598704;0.720140966857;0.725721094793;0.707808875841;0.658724799046;0.724209659994
1931;0.655225642881;0.719594423944;0.725501603806;0.709898566962;0.657434129024;0.724719862134
1932;0.656045204457;0.720769289864;0.726325162703;0.711295260787;0.657893393324;0.725920404951
1933;0.653983632703;0.721714937134;0.726019981886;0.712346757551;0.656702089029;0.725390069677
1934;0.65470348308;0.721094681167;0.726269575568;0.711898226073;0.657588745155;0.725612912237
1935;0.658131337199;0.721284970828;0.726565454516;0.715224966571;0.659197275336;0.727628868407
1936;0.657382119818;0.721322022105;0.729011043251;0.716195332076;0.657884762051;0.727270217157
1937;0.656000766909;0.721399664659;0.72755197188;0.716681499202;0.657408077577;0.726536669852
1938;0.658379799594;0.721399179893;0.724240289787;0.720887522236;0.657826558712;0.726703143494
1939;0.656695514381;0.722255575746;0.724222403511;0.721914078211;0.655887528349;0.727843362618
1940;0.657068414552;0.721003114036;0.725179518995;0.721899951859;0.654834946721;0.728948274074
1941;0.659225428009;0.722037770398;0.726638555139;0.723727749263;0.654725472105;0.729538414487
1942;0.66129856537;0.722829605934;0.72605252855;0.724084196805;0.65380391458;0.728791378952
1943;0.665090321261;0.723027237882;0.726884332554;0.724249841002;0.654303588465;0.730664916379
1944;0.66596412345;0.726700946056;0.727829419463;0.724752655822;0.654088304741;0.733323490773
1945;0.667141979113;0.726291674763;0.728102294914;0.726358763805;0.656950918311;0.734196571756
1946;0.668270305413;0.729886438805;0.731847981356;0.728995623399;0.661025268683;0.737636903849
1947;0.666992804359;0.729281675493;0.730809645934;0.728062364031;0.661343056286;0.737847360186
1948;0.667837851524;0.730864213781;0.728817939575;0.730085932023;0.662089505984;0.740002819913
1949;0.667941836889;0.732097462161;0.729076395128;0.73128235612;0.663205327282;0.740918801743
1950;0.668101194558;0.731657393308;0.730251167733;0.727913670168;0.662872409518;0.740857426033
1951;0.668157355237;0.731655598749;0.731920439812;0.727732590198;0.663901500233;0.743222502184
1952;0.671884082328;0.733479767311;0.734962520894;0.72730075829;0.666598641136;0.745748083014
1953;0.67279758958;0.734516105614;0.736285856427;0.726726779118;0.668272838286;0.746415247849
1954;0.673160282255;0.735572777407;0.737508268185;0.728575552357;0.667195293872;0.74594987701
1955;0.671639469435;0.736811521782;0.737207306539;0.727197719758;0.666881057194;0.745465436978
1956;0.672190300116;0.733274447303;0.732977118844;0.726141998651;0.664797593157;0.744948309971
1957;0.672806259865;0.732568842171;0.733446821546;0.724886429018;0.664709997801;0.746606643141
1958;0.673242242848;0.732714189624;0.734258520742;0.724272407115;0.667281156231;0.747638374361
1959;0.671551929044;0.73361999574;0.734710418994;0.723770892664;0.667193169434;0.747706877846
1960;0.669777654445;0.732554632044;0.733765534362;0.723199098052;0.66712587549;0.747442440497
1961;0.668809050955;0.731936615413;0.733582784693;0.721934980278;0.667641561007;0.747996077195
1962;0.668185358483;0.732570756629;0.733610780135;0.724704721821;0.667632474021;0.747479889945
1963;0.667856739429;0.733280684316;0.731485112591;0.726425217776;0.66717865424;0.746386447694
1964;0.665215396726;0.733870369989;0.729885801216;0.727023337127;0.666873239261;0.745818253872
1965;0.663002275411;0.734888487013;0.729299994025;0.728832902627;0.664672142462;0.744986239646
1966;0.661015537506;0.73623935683;0.729087229376;0.729591053655;0.664643895047;0.745714919131
1967;0.662574670699;0.737199120544;0.730348167058;0.728641298951;0.664589431928;0.746517173184
1968;0.662472650746;0.737294390341;0.731609330529;0.72905215422;0.666058069878;0.746904088356
1969;0.662042655225;0.736687161837;0.730430063556;0.728345099021;0.666872830918;0.746970615695
1970;0.662651805275;0.738218725491;0.733155110963;0.730141992383;0.667134109284;0.746389390658
1971;0.662276837063;0.737893734929;0.733651919147;0.72995803991;0.667446541273;0.747266075593
1972;0.662227250448;0.738336944569;0.734118471326;0.729979750497;0.668093436947;0.746840751861
1973;0.66374783772;0.739328824809;0.734099478576;0.731086935245;0.668962070134;0.748214714778
1974;0.661809714948;0.74000274649;0.73254430901;0.732423972475;0.667064692915;0.748712356619
1975;0.663733729002;0.739069476861;0.731447998238;0.732320670401;0.667072991359;0.748439490474
1976;0.668044880749;0.738440686519;0.732010799736;0.732325309625;0.668375924271;0.750246458273
1977;0.669113136318;0.739615047097;0.731898078135;0.733506109744;0.668852089967;0.751100393925
1978;0.667709536038;0.73937373857;0.731145156682;0.734240582506;0.670015088635;0.750484285826
1979;0.66680733125;0.740054970237;0.730668766967;0.734119864179;0.668970974784;0.749372137279
1980;0.665616722758;0.740911738387;0.729440891926;0.734955422347;0.668368611578;0.74947012947
1981;0.665292722219;0.74213041568;0.731226505965;0.73522011786;0.670605971893;0.749712001025
1982;0.664333934943;0.742284491733;0.730730890817;0.735347252008;0.670102495134;0.749628118726
1983;0.66541419172;0.741358560571;0.73136561109;0.734415065051;0.669575132783;0.750655454121
1984;0.664848538181;0.741627314149;0.731702963866;0.734461046107;0.670032593357;0.750069296235
1985;0.665369725013;0.740684320178;0.731899763874;0.732750605493;0.670979916104;0.750564031989
1986;0.665886534106;0.74064659959;0.729987445102;0.732395694264;0.670395427573;0.750316467223
1987;0.667621436195;0.740793632439;0.730953467116;0.732191558842;0.672326057315;0.75093196116
1988;0.666345045112;0.741657804622;0.731362821059;0.73182377852;0.673121066405;0.751084169596
1989;0.667540071404;0.743680823231;0.730995481013;0.734849457687;0.674340525281;0.751887381495
1990;0.668900677567;0.744732990596;0.730484108319;0.736571079079;0.674018285675;0.752277721782
1991;0.669108841339;0.746928432214;0.730809495863;0.737056660012;0.673445824219;0.751294575866
1992;0.668292094606;0.748086061855;0.731545150826;0.73677445693;0.674397606573;0.75228537077
1993;0.665088512331;0.747659262638;0.731873040325;0.73582558694;0.671975654106;0.750084707767
1994;0.664154865324;0.747794196262;0.730568662704;0.735269850647;0.670150670105;0.747994264725
1995;0.66496142735;0.748038495104;0.728890338146;0.736481325602;0.66982991535;0.748817765447
1996;0.665462745677;0.748712994489;0.726155583266;0.73634109706;0.669298127478;0.748566153403
1997;0.662208166073;0.749127444558;0.72345848848;0.736085314302;0.666055395274;0.7473263224
1998;0.662342069836;0.749980044762;0.723236183129;0.736392843985;0.664392882276;0.747204387118
1999;0.661016814308;0.751472389263;0.723421095911;0.737912365947;0.665449476934;0.747268652649
2000;0.657985993187;0.750692356068;0.719476994371;0.738057685899;0.665202937864;0.745834777917
2001;0.657015295654;0.749833337468;0.717570791752;0.738144262436;0.665548283876;0.746870272694
2002;0.65887994884;0.7501426733;0.717225354774;0.737414852867;0.664448871201;0.74591164424
2003;0.657176404297;0.751960354995;0.717605772338;0.738459617141;0.664263791697;0.746132506665
2004;0.655264017731;0.751720816598;0.716250935365;0.736411181328;0.663419347179;0.746111967367
2005;0.656613090775;0.75421546727;0.718698864219;0.736329116493;0.665781897184;0.746096556404
2006;0.656916578508;0.756082075577;0.720133297343;0.739137581102;0.665969033111;0.746346975783
2007;0.658478373144;0.755325049666;0.718810784051;0.740496551567;0.664615597989;0.745467616357
2008;0.655747015278;0.755481745001;0.717153737639;0.739915288753;0.665058029425;0.745440437719
2009;0.658165650984;0.755600634234;0.719916302469;0.744092617135;0.669499591464;0.747392829466
