year;zuneigung;dankbarkeit;kolleginnen;freundschaft;göttin
1799;0.654263127463;0.663696093698; ;0.629910729716;0.603822318982
1800;0.654753186079;0.661424150498; ;0.629298440914;0.606491103479
1801;0.66297043996;0.665135602041; ;0.631701698394;0.611969751285
1802;0.674625428069;0.674962955502; ;0.63951591223;0.623659925651
1803;0.646896710649;0.659836998792; ;0.630568468829;0.596535595569
1804;0.657019935524;0.665000862434; ;0.636939107973;0.605421617745
1805;0.675441249581;0.675658779607; ;0.645283899812;0.62491994485
1806;0.66863630341;0.672306599597; ;0.640598883249;0.625282517974
1807;0.687659551447;0.681816102004; ;0.651629597273;0.635501697237
1808;0.677225577368;0.678181551674; ;0.643450524251;0.630830895239
1809;0.683930248642;0.679404751592; ;0.646837175106;0.634290656411
1810;0.691622755929;0.684748441759; ;0.651186554315;0.64082361166
1811;0.705687133597;0.698058931788; ;0.66711588237;0.654678468638
1812;0.691614488348;0.691287844626; ;0.658921868719;0.642572249073
1813;0.692787074968;0.694155371431; ;0.661683806946;0.643992170737
1814;0.700406179317;0.695179138159; ;0.659558628382;0.642304494308
1815;0.705376921562;0.697851802202; ;0.661482198251;0.646896892863
1816;0.714538494294;0.702770493088; ;0.672993640953;0.653235746921
1817;0.716595609334;0.709627386423; ;0.6761428112;0.660481851405
1818;0.729768842599;0.714254282349; ;0.685988313857;0.676808041309
1819;0.720166318407;0.712767598483; ;0.684397883402;0.668067648122
1820;0.713102805902;0.702857235453; ;0.679865061307;0.665445954994
1821;0.717931017415;0.710332467499; ;0.688280601995;0.667812974764
1822;0.725812736421;0.717710591649; ;0.698652094561;0.682721359364
1823;0.732241221817;0.719287337965; ;0.700114733824;0.679703716337
1824;0.730478132586;0.71871730856; ;0.702571289984;0.683395367658
1825;0.728158411528;0.720484300669; ;0.696698315901;0.683757514109
1826;0.733916208933;0.721807703741; ;0.702881127193;0.688919815495
1827;0.741405758884;0.728855960105; ;0.707390417056;0.692966078712
1828;0.742407442897;0.728793653856; ;0.705062863519;0.693462810158
1829;0.757505884502;0.737466087089; ;0.712509702837;0.704264658213
1830;0.74138002724;0.73059714114; ;0.710829237395;0.69835184264
1831;0.741540551992;0.730043273413; ;0.710628310215;0.695911142935
1832;0.735468003868;0.728285236144; ;0.707914642042;0.690231651137
1833;0.731146744236;0.728288794258; ;0.710854119491;0.693780367524
1834;0.737110905469;0.733936671417; ;0.719143172804;0.702638401188
1835;0.738269501191;0.728529001596; ;0.716458303866;0.701507371298
1836;0.742211657703;0.731664637449; ;0.718346737212;0.706762355519
1837;0.746305792345;0.737519849698; ;0.722793810237;0.712183679024
1838;0.750189855336;0.740489862852; ;0.723981657684;0.712910658663
1839;0.751508451025;0.743105507696; ;0.730807186073;0.717717975333
1840;0.746301987919;0.736059374459; ;0.725997497945;0.710755485143
1841;0.751158820598;0.739050735366; ;0.730680239149;0.718309681525
1842;0.750868662688;0.737771388439; ;0.734217763953;0.716542966052
1843;0.749914553076;0.732417217144; ;0.730677537716;0.716162238059
1844;0.753222279573;0.737313680641; ;0.733897008362;0.722340936306
1845;0.751903187647;0.733154464603; ;0.729753515785;0.721752951115
1846;0.747926122323;0.732001328696; ;0.72761910039;0.724713786428
1847;0.757436199675;0.740521944082; ;0.733748519164;0.731834160254
1848;0.760635258357;0.745312561007; ;0.734245279468;0.734520737366
1849;0.767406884963;0.74993392588; ;0.743459942187;0.740696905765
1850;0.763312036857;0.745290357413; ;0.740509060199;0.741936686088
1851;0.771823230081;0.750178240564; ;0.744923849591;0.745695426234
1852;0.773471771013;0.752259754746; ;0.749710873496;0.743272908879
1853;0.780410011338;0.756211471406; ;0.755928283987;0.751239445398
1854;0.776530169858;0.756929708923; ;0.75529733484;0.748323956774
1855;0.77800875142;0.760013324586; ;0.754163791569;0.751275754829
1856;0.781163564263;0.759228731395; ;0.754185092265;0.752026435412
1857;0.782533384298;0.758047409804; ;0.751150683234;0.752186982564
1858;0.7789623306;0.755987837157; ;0.751193043014;0.750563921847
1859;0.780977251169;0.756969334004; ;0.752791495204;0.751400471619
1860;0.776980367311;0.754524232205; ;0.751780043484;0.746668235916
1861;0.77909485557;0.757855549877; ;0.751148966141;0.749444105039
1862;0.779189662931;0.758135684629; ;0.75241223425;0.754130448431
1863;0.782387940642;0.76093350721; ;0.754631478532;0.755048306799
1864;0.784228807477;0.763580200896; ;0.75276229749;0.757567507354
1865;0.787329162973;0.764380357536; ;0.753078980346;0.760869861638
1866;0.783501181961;0.759843347755; ;0.752580456996;0.758054314511
1867;0.789703916777;0.766372240592; ;0.754820655032;0.765340179533
1868;0.789553986688;0.767924186169; ;0.753903706736;0.765216689914
1869;0.789132544098;0.768602752308; ;0.755834666686;0.766712781389
1870;0.791920650837;0.772207501231; ;0.757197297992;0.765315285665
1871;0.79280836943;0.772734628268; ;0.75566115249;0.76508920516
1872;0.791049217339;0.773833207114; ;0.755550922567;0.764124643313
1873;0.791953488745;0.773217587813; ;0.756960525698;0.763733384781
1874;0.789568375887;0.768320167795; ;0.757827654963;0.76525273137
1875;0.793438006515;0.775188221267; ;0.758957344037;0.768618120822
1876;0.793000316896;0.775445272617; ;0.760416987544;0.771266274238
1877;0.794154709702;0.777146107636; ;0.761946775084;0.770821815658
1878;0.797544005444;0.781370535139; ;0.763428230396;0.775735156266
1879;0.792781504211;0.777559277501; ;0.757306610313;0.774368519411
1880;0.795221123794;0.778913914533; ;0.758742146238;0.774536135912
1881;0.796536005427;0.777554017377; ;0.759780422071;0.779252916373
1882;0.794466878233;0.777438146766; ;0.758177315363;0.777171042118
1883;0.794348458783;0.777004659308; ;0.758322879938;0.777788968356
1884;0.794430174285;0.776031091972; ;0.757700272763;0.778116756006
1885;0.791688233638;0.7726310556; ;0.755135944572;0.775649017695
1886;0.793844456006;0.775590464224; ;0.757108029405;0.777187217199
1887;0.79490983064;0.777457299716; ;0.757963338313;0.776519378691
1888;0.796618533328;0.779810331162; ;0.758782957781;0.778496646764
1889;0.797017306736;0.783131103963; ;0.759545916059;0.780435758916
1890;0.795202201614;0.782220917683; ;0.757973489152;0.781138676138
1891;0.795410347731;0.783888147276; ;0.758529397305;0.780387778744
1892;0.796967636402;0.784899936556; ;0.758291860641;0.782331095233
1893;0.795354975367;0.785162762066; ;0.759778916061;0.78053342101
1894;0.797406683011;0.787259327598; ;0.761030503091;0.783533169107
1895;0.796711443155;0.7874424549; ;0.762205427609;0.7831767261
1896;0.794886530645;0.788030307622; ;0.763871532377;0.781223894385
1897;0.800723918563;0.787807348938; ;0.764227873081;0.786998170166
1898;0.799312343766;0.784671672478; ;0.765488201137;0.788999718543
1899;0.794592170418;0.781293240051; ;0.762767354695;0.785227382454
1900;0.800156673964;0.783840061306; ;0.765724409515;0.789064351325
1901;0.797648803832;0.784024668838; ;0.764842796757;0.787262765185
1902;0.800092167269;0.783943585855; ;0.766684823036;0.786542872358
1903;0.802964413299;0.786654522041; ;0.769687376533;0.791265200628
1904;0.800518639527;0.783301769285; ;0.769497135321;0.789646887713
1905;0.802643654747;0.78407975271; ;0.770755132351;0.792615719327
1906;0.798805914338;0.782658767039; ;0.769955880003;0.789763946892
1907;0.795957100511;0.78059583603; ;0.769493058485;0.786507988284
1908;0.797807512797;0.779568218261; ;0.770592222791;0.78643976263
1909;0.799063346318;0.780101568329; ;0.771379791858;0.789309187489
1910;0.799770168207;0.779767624385; ;0.772851352405;0.78773959353
1911;0.800171131101;0.782446060391; ;0.774085733565;0.787402994733
1912;0.802715381326;0.782950138887; ;0.774231057979;0.790324163262
1913;0.801456195158;0.780688635454; ;0.774196183525;0.789856773158
1914;0.804082012461;0.781961142039; ;0.775021783703;0.79340043696
1915;0.800479951867;0.7802370455; ;0.770527964759;0.787949053148
1916;0.802805466652;0.781300325861; ;0.768083539578;0.790165819675
1917;0.804411338995;0.782836075811; ;0.766807019168;0.790737111283
1918;0.803396743118;0.78157289204; ;0.766174449248;0.789032564753
1919;0.802783291442;0.782609069215; ;0.768149817216;0.790402448499
1920;0.80421538713;0.785045703711; ;0.768050147383;0.792871612372
1921;0.804599004424;0.781915163327; ;0.765984802763;0.794635739604
1922;0.805997501725;0.782070548166; ;0.767638418932;0.799151777516
1923;0.803502246667;0.782657203804; ;0.766367110071;0.797381888312
1924;0.806471949648;0.784058301799; ;0.766507832796;0.797187494967
1925;0.808631283008;0.784380322454; ;0.763908301571;0.799626702021
1926;0.809362351506;0.786839289411; ;0.765179632188;0.801596391188
1927;0.810561703915;0.788171097567; ;0.765922515302;0.800286780568
1928;0.807637823246;0.785252564419; ;0.765402404116;0.800849619665
1929;0.809594849476;0.78549215323; ;0.765457079474;0.805351057467
1930;0.809472411482;0.785959826321; ;0.765185592467;0.804343611365
1931;0.811829723261;0.788466623047; ;0.766025262576;0.808019763922
1932;0.809782548675;0.786283846206; ;0.765033893147;0.805066745652
1933;0.8103401251;0.787227218831; ;0.766318430624;0.804321156752
1934;0.812825971276;0.789604863565; ;0.7671850437;0.802764728057
1935;0.80799669122;0.786443306102; ;0.765483521017;0.800250967318
1936;0.808236062708;0.784035583732; ;0.767029265919;0.800163896202
1937;0.810486925863;0.785548435963; ;0.767446217979;0.80551835559
1938;0.813641979912;0.78824259421; ;0.767340295778;0.807493544134
1939;0.81128013935;0.785462460675; ;0.764662994334;0.80452022127
1940;0.811891870399;0.784288142871; ;0.761920276287;0.806045637158
1941;0.811315560591;0.783023661366; ;0.760649625735;0.802382651797
1942;0.810836720716;0.784125898906; ;0.755457294409;0.802901744685
1943;0.812558813427;0.788228927922; ;0.755097775832;0.804575884995
1944;0.813849718136;0.787330417455; ;0.752979586428;0.803845423575
1945;0.812094879742;0.787040089808;0.620435263459;0.752752197894;0.803848203283
1946;0.813044793923;0.784709831123;0.616207540814;0.749929083017;0.804261810392
1947;0.813504050401;0.783800619449;0.624486474619;0.749529532597;0.806406324573
1948;0.809553392433;0.781379647607;0.635016535426;0.745475973534;0.808744410852
1949;0.807372798275;0.780938780802;0.642822553104;0.742865559753;0.80903460802
1950;0.805989242656;0.780899597702;0.660981038165;0.739015763227;0.808209956484
1951;0.806683207269;0.781394372851;0.676125275394;0.737031279556;0.810388286454
1952;0.808398119218;0.782248998514;0.697527394729;0.735851712384;0.811068760901
1953;0.810191239648;0.783806775989;0.698228082499;0.73389724465;0.814261251866
1954;0.81204988186;0.785787079866;0.736188561126;0.733176130263;0.817636485785
1955;0.811584747538;0.786541992307;0.743920631921;0.726481907161;0.815453152422
1956;0.810200532108;0.787852125733;0.760588249883;0.718025676249;0.812952180861
1957;0.807721145526;0.786714082595;0.76077556809;0.709258112489;0.811003444809
1958;0.810552351807;0.786254249954;0.768659797272;0.704818516561;0.814508159015
1959;0.808128823676;0.783793995135;0.771072178082;0.699283347831;0.810176518546
1960;0.804174011848;0.78161280659;0.771832261093;0.695330293319;0.806617617802
1961;0.808738902067;0.783159356077;0.776230202981;0.696854597708;0.810803934311
1962;0.807298649837;0.781924636867;0.778659254802;0.694352491208;0.80978824427
1963;0.806483196732;0.780420839135;0.782635147091;0.695210214283;0.8083387969
1964;0.809148720144;0.782023827464;0.780340048192;0.695185618902;0.810654401249
1965;0.806810605096;0.780216360468;0.779486644571;0.69320832602;0.808299752363
1966;0.809603849449;0.77988426478;0.786031178765;0.69146666795;0.810597364724
1967;0.806638602989;0.778068885466;0.780037245512;0.690712693218;0.807376078519
1968;0.805962261981;0.779230210767;0.786632529891;0.685711357577;0.805741100463
1969;0.803976771467;0.779372920975;0.783330576071;0.684413227227;0.805843517631
1970;0.804255939351;0.780599833903;0.783944567383;0.681607858185;0.805327737237
1971;0.802325492324;0.779827523099;0.785531138181;0.683798825777;0.803690705574
1972;0.801554420669;0.779060478085;0.790703480858;0.680641806237;0.802850587545
1973;0.803096588541;0.779850990764;0.791485369442;0.679389468452;0.80622944178
1974;0.80176106542;0.780418229747;0.793587408918;0.678970204961;0.804414221079
1975;0.805509133709;0.782514359197;0.79608080025;0.680514743177;0.8047322928
1976;0.803398393496;0.779808968784;0.800160533957;0.675607583605;0.805701827573
1977;0.801138931533;0.779289960596;0.798251372265;0.675257655263;0.804937573744
1978;0.801331605852;0.777458253278;0.805950895761;0.676742405447;0.803410618174
1979;0.802484027678;0.776492717974;0.807902582023;0.675779014778;0.801857302215
1980;0.802077780937;0.774863418009;0.807517438866;0.673656918086;0.801685386281
1981;0.801070121107;0.775354015996;0.808868612104;0.672722230445;0.800217078326
1982;0.805009220956;0.777164892588;0.813170912516;0.675662343677;0.804418494166
1983;0.80273001246;0.777468151818;0.81283372964;0.672896896849;0.80347532597
1984;0.803170268779;0.777708422623;0.8147093838;0.671534709699;0.805598127503
1985;0.803022710015;0.775534999689;0.817908916991;0.671831953292;0.803986288841
1986;0.803713275334;0.774938459769;0.820500863462;0.672084879342;0.806576812712
1987;0.804782680335;0.775978000514;0.817960192362;0.674991947879;0.808131581391
1988;0.808955533203;0.777394892354;0.822385366963;0.675749709153;0.811698056811
1989;0.805075108278;0.775793632593;0.820718481588;0.671504567518;0.808865646101
1990;0.804169317563;0.775166364411;0.818498316902;0.670386766006;0.807238707633
1991;0.805086815333;0.773734400167;0.8199524093;0.672472318213;0.810285808588
1992;0.803261462136;0.771591262042;0.822209141751;0.671337680952;0.80832420132
1993;0.798782889033;0.768702853763;0.822027913637;0.667945794269;0.806236188553
1994;0.799885646918;0.769916702107;0.821547146192;0.66662981948;0.808269442731
1995;0.797562258226;0.769994830309;0.823615160264;0.661787557676;0.804463465602
1996;0.797501986001;0.772135683616;0.8221856611;0.662513708414;0.80458493756
1997;0.797465859578;0.771834208575;0.82454818556;0.662608290803;0.806805388708
1998;0.79914338616;0.772747558776;0.8270904418;0.664867246092;0.807266366494
1999;0.800710951027;0.77245189372;0.826571253766;0.665785004606;0.808472226264
2000;0.802535718081;0.772892240331;0.826513773595;0.66526165832;0.808033768679
2001;0.8010323436;0.770819844977;0.822004217422;0.663435234341;0.806258711203
2002;0.801865179341;0.772417912749;0.823746942738;0.66417385102;0.806775970056
2003;0.802454626085;0.771609469564;0.823384137597;0.663377046858;0.807486590056
2004;0.80063680366;0.769841956874;0.822315051435;0.661804120078;0.807897462486
2005;0.798432549828;0.768681661664;0.820662931585;0.660994129803;0.806231776073
2006;0.8004034763;0.768332413751;0.822225449374;0.661398346666;0.808971694385
2007;0.798423931101;0.765512588491;0.820027573267;0.659741267148;0.807257653521
2008;0.799752911282;0.766887997297;0.822362226969;0.660114295861;0.810955833598
2009;0.797721343528;0.764397253597;0.82184483214;0.659706359492;0.81016449465
