year;frau;mann.;greis;ehrlicher;manne;soldat
1799;0.596417198219;0.467222190038;0.572998328599;0.647885531875;0.646083980665;0.646547623091
1800;0.593298836361;0.469338575683;0.572864322865;0.646613737053;0.642857984021;0.645828554151
1801;0.59184958894;0.467077805249;0.589086897279;0.648090095677;0.646807232114;0.646976727652
1802;0.602705196127;0.47228469812;0.593190177088;0.645949328073;0.648363013677;0.646710517941
1803;0.601001667249;0.467851600691;0.596897903097;0.641521202268;0.642216484516;0.645010033331
1804;0.61328342302;0.47346984288;0.602482653242;0.646952069007;0.647321031871;0.647983867999
1805;0.614724314783;0.468452475435;0.600440390569;0.640387801058;0.648706399351;0.641941339521
1806;0.616853775352;0.46733188372;0.603782446349;0.640056401113;0.652581092378;0.645616870389
1807;0.619950836899;0.475266822431;0.614958586471;0.654656238067;0.65373143686;0.649539152723
1808;0.635055614495;0.485046297215;0.632810344147;0.659693932866;0.664986008761;0.658707419143
1809;0.640738156511;0.48430474906;0.633899738133;0.652632393139;0.665664979123;0.652943207945
1810;0.644691616254;0.476022564236;0.631515831088;0.64738710318;0.662376358269;0.648206779401
1811;0.650320369858;0.482490627499;0.628529076253;0.643877849009;0.662150729539;0.656877461524
1812;0.650570932938;0.475234660352;0.634254116966;0.638389653798;0.664695494521;0.653248967315
1813;0.648751458616;0.472774871115;0.634335991892;0.636141023255;0.666490766246;0.650034140471
1814;0.651000246988;0.483135782949;0.646538542089;0.643482245731;0.665167879764;0.656801181485
1815;0.648914488522;0.484733034535;0.64174340129;0.640323390222;0.667608913871;0.647600617498
1816;0.65847225056;0.494132423825;0.649161435176;0.645050386301;0.67445287519;0.659985060293
1817;0.657054702572;0.498594563359;0.651566765702;0.646914502608;0.672861367152;0.66827489843
1818;0.65469012454;0.517556381066;0.651645102278;0.650989714116;0.668930368997;0.663894803278
1819;0.661672724652;0.524473573859;0.660443948618;0.655730030853;0.679168191343;0.668175013192
1820;0.658573801889;0.527388402413;0.668012840861;0.659702069191;0.677340272698;0.663335394831
1821;0.659536345673;0.528578627907;0.665889354947;0.653165738221;0.677757178722;0.663531805786
1822;0.667262541537;0.537582484156;0.677608951531;0.658984379464;0.683672681014;0.670463545562
1823;0.669949477078;0.532553237379;0.67343385008;0.653025270115;0.685246554424;0.663297199367
1824;0.673951783181;0.536962203716;0.675492190726;0.655280717792;0.689812639257;0.667466610659
1825;0.679572833322;0.537783975119;0.676984909242;0.659522346178;0.692306500203;0.674557637704
1826;0.672554591504;0.534312084636;0.677695783395;0.653554903854;0.687195743624;0.675159140676
1827;0.678077368307;0.53822292179;0.679661081762;0.655888221876;0.691741047571;0.677491819711
1828;0.675338736629;0.542529608126;0.684937956583;0.659239547094;0.690487218489;0.679041346112
1829;0.666501715768;0.532235875777;0.680408798299;0.652556370186;0.688801304403;0.671122506607
1830;0.664241552814;0.549548426878;0.690655569647;0.663974541042;0.690553936398;0.676267384434
1831;0.668252853744;0.553304643271;0.68879862231;0.668175384711;0.695463115582;0.683992309417
1832;0.669467007411;0.549295460106;0.691429127358;0.668403112217;0.693417240111;0.685177702196
1833;0.672264100557;0.550259421531;0.694303026748;0.675118295723;0.695582673198;0.682625767069
1834;0.678934173551;0.54648541628;0.695458649604;0.67104680503;0.698901286686;0.684783848834
1835;0.68351066886;0.546752286564;0.695089713364;0.673241758675;0.695820280674;0.683280271885
1836;0.682957065368;0.552950916129;0.697904272238;0.671991015169;0.69538238574;0.679514647818
1837;0.684908639959;0.556381649048;0.701095325886;0.672735765663;0.69451057957;0.676077567079
1838;0.685811406133;0.561134358832;0.702711770494;0.674721112734;0.69506873845;0.684565577869
1839;0.691969430644;0.570854613067;0.707447996462;0.678313675105;0.695024753713;0.68359772941
1840;0.699901792826;0.575982654678;0.7136673238;0.68087006854;0.699250601047;0.688658244932
1841;0.70304658349;0.579524686737;0.718007452398;0.680927446327;0.700966575285;0.69276383825
1842;0.70627141419;0.579185788484;0.71652823481;0.681276599554;0.702497549114;0.693288751161
1843;0.708268056262;0.582560856323;0.714811407137;0.677774380687;0.70257443243;0.694275019496
1844;0.71224473178;0.585450108087;0.716299443374;0.67942686406;0.701920308129;0.695106239875
1845;0.716489089245;0.594814647595;0.711682519019;0.675760968611;0.708449710534;0.69968589929
1846;0.719717343999;0.602965824996;0.719617897238;0.68450009656;0.713756327484;0.707807107965
1847;0.714703208812;0.603646141779;0.7206610547;0.682982967434;0.712938302717;0.707535936389
1848;0.713650410663;0.607337071391;0.721544706733;0.682744450748;0.71426293334;0.71189459107
1849;0.714919859618;0.606921473471;0.721858327096;0.681391177031;0.715779688039;0.711901312125
1850;0.71838690816;0.609239235903;0.72035777058;0.681463599422;0.718971715592;0.712073903557
1851;0.719515776149;0.614756824133;0.725002592777;0.681995047168;0.717699654418;0.711221583598
1852;0.724233464903;0.61897243133;0.726728900558;0.687936833742;0.723054922116;0.713799221543
1853;0.723765426563;0.615998699226;0.726447074576;0.684381639681;0.720828514837;0.71175497579
1854;0.727348433403;0.619869516743;0.72882683241;0.687621567484;0.723125135487;0.715853072677
1855;0.73082344502;0.627200917799;0.734754451449;0.69251078539;0.727459817698;0.720764689063
1856;0.732629825705;0.630733756458;0.734885486027;0.6917460472;0.724239783821;0.723592985836
1857;0.729467260726;0.626606253512;0.733563200328;0.687543132814;0.719551784249;0.719502192529
1858;0.725330655477;0.631510080442;0.735439211856;0.688835783506;0.714774890959;0.719971053474
1859;0.724202940897;0.633698859884;0.736905023962;0.686721239904;0.714377114206;0.725192380147
1860;0.723646675952;0.637116726088;0.738304239795;0.688675035689;0.715724575327;0.72708271133
1861;0.721517995046;0.642915013908;0.733700619323;0.683561815582;0.714626929051;0.728434048472
1862;0.719434107001;0.646450707941;0.737043411136;0.685252654006;0.716589243186;0.729112016531
1863;0.723498937591;0.651317138923;0.734588590797;0.683609972194;0.719509182085;0.731473702699
1864;0.721059118088;0.652863745289;0.738901295657;0.687162862194;0.722055821819;0.727875687128
1865;0.719511629215;0.655018554471;0.741897984683;0.687780520617;0.720467836521;0.729735283224
1866;0.716468046272;0.659296931771;0.740920809881;0.691253008341;0.720700674724;0.728854937081
1867;0.718564137088;0.658805148515;0.740934882067;0.69211092534;0.717374851872;0.733276654495
1868;0.723589042753;0.666767368052;0.742177514349;0.695164871049;0.722525495003;0.730784202384
1869;0.726488383182;0.667763933185;0.741382269211;0.697256488428;0.725317509575;0.736655269318
1870;0.729967982676;0.663688530453;0.742522579964;0.696673507578;0.72421859704;0.739195324563
1871;0.729204680908;0.66379944887;0.736593964248;0.687558654122;0.726568689379;0.733564363249
1872;0.733221657682;0.678609054516;0.740856086948;0.693399723353;0.726723311181;0.741464728433
1873;0.732230124427;0.67723623923;0.745052125525;0.695159689627;0.72765333012;0.746856087604
1874;0.733808419162;0.682539161125;0.751971280929;0.699679802467;0.727129011433;0.749036734767
1875;0.731683877315;0.678957105176;0.747886676828;0.692531460362;0.727721076973;0.743344264493
1876;0.730630175839;0.679114844881;0.747273890232;0.695211083069;0.727976895703;0.741337418945
1877;0.733450337513;0.678831008736;0.747847685746;0.693319670697;0.724267172348;0.740508430248
1878;0.731175446154;0.682764672918;0.746193137606;0.691027781902;0.719461241113;0.738211732217
1879;0.730361883047;0.686716634868;0.745487546036;0.690935273415;0.719308311348;0.742074437485
1880;0.733846847361;0.693795480237;0.751041640046;0.696371891112;0.726537206994;0.749678721099
1881;0.740249623969;0.68980633007;0.753523434064;0.700125185252;0.724224611938;0.749880832993
1882;0.735558543265;0.687013241314;0.750529206022;0.698978102344;0.724260568558;0.749964323301
1883;0.739282218595;0.693090744085;0.754461575993;0.698621375198;0.728725706089;0.752107853072
1884;0.743425915707;0.693312015769;0.753164905352;0.698955152975;0.728444588185;0.752506253283
1885;0.744894716699;0.692873596023;0.752718072747;0.697778529401;0.727907914132;0.750422512641
1886;0.7464851336;0.694653497524;0.755407051481;0.701352684171;0.734957671619;0.750624540185
1887;0.746940107119;0.690811920635;0.756256616574;0.699475463751;0.732628576439;0.750159507601
1888;0.747363464057;0.696204747673;0.758250728162;0.701902025552;0.732229535373;0.75251390611
1889;0.744793225099;0.689000639201;0.75324574005;0.696721355623;0.732039510435;0.749164408061
1890;0.745511037621;0.690310304139;0.754375974284;0.696993899662;0.733242925808;0.749399085149
1891;0.747307067781;0.691826377221;0.75749728018;0.698314480067;0.733160839307;0.753511732654
1892;0.743217322536;0.688736753484;0.756687689678;0.698919260527;0.731556479716;0.751358521365
1893;0.745387499213;0.69134639194;0.758771271724;0.701486620148;0.730558365946;0.753767940054
1894;0.74620766292;0.690385384197;0.755830486837;0.697655864932;0.727100609869;0.754328211873
1895;0.745694299662;0.694989342211;0.755440432739;0.699709072738;0.727835125621;0.75309054635
1896;0.748008860998;0.693456976546;0.754687652892;0.699070185493;0.733879536393;0.757854447186
1897;0.752360133546;0.6991273225;0.759281811763;0.701009333076;0.73683948951;0.757341090265
1898;0.758542833408;0.700330800716;0.758538280041;0.69934164066;0.738536958746;0.758753998277
1899;0.755260447754;0.700651900148;0.759113049851;0.700346636853;0.743404892339;0.758939833805
1900;0.753946745177;0.701158465456;0.760587221977;0.698844429053;0.746638688111;0.761991904696
1901;0.758804737019;0.707313173151;0.76473712758;0.701962973788;0.75157050686;0.76425945169
1902;0.758402873475;0.703134596468;0.760529805915;0.696876002892;0.745530081033;0.760013196033
1903;0.757220970569;0.707138761125;0.760798027418;0.699661805336;0.743778631352;0.75961489902
1904;0.766304126854;0.711894853563;0.764484595331;0.700174093243;0.747673640298;0.765119377365
1905;0.766868038191;0.714155897299;0.766112518702;0.697142518903;0.738022800323;0.761686056199
1906;0.766404995562;0.714320551511;0.767187790442;0.70075986112;0.739948340299;0.764048322917
1907;0.771174968376;0.714811604189;0.764139262916;0.696589899108;0.738919566312;0.763620410411
1908;0.771871716912;0.712764816265;0.762758236398;0.696012916685;0.737593482286;0.761033324116
1909;0.764573445102;0.717452300516;0.7646476564;0.698341519177;0.739166591728;0.764040710311
1910;0.764320521701;0.717048959167;0.760575734636;0.696079731374;0.73736300938;0.758341958152
1911;0.763158594853;0.719426327354;0.760966316296;0.697766625082;0.739679313759;0.759806508204
1912;0.765700648069;0.720490283918;0.761936593823;0.696663588296;0.743228272499;0.761765500575
1913;0.769723957676;0.722936019969;0.763911936078;0.694761680929;0.740556149801;0.760781029235
1914;0.770353804005;0.721046335937;0.764222798289;0.694421949916;0.740251245284;0.758602605242
1915;0.767202018474;0.720744454725;0.764647871739;0.693528346376;0.740139887059;0.758930504871
1916;0.764185528142;0.721909629816;0.766522221744;0.695322576135;0.740082039801;0.761024710313
1917;0.760412253641;0.718890762822;0.764160124937;0.694907447124;0.740011052323;0.763115042343
1918;0.762851307387;0.724069572429;0.768466690228;0.703125836437;0.738198008598;0.769008797105
1919;0.768290432947;0.725940314079;0.773863403608;0.704218605642;0.740218299895;0.769850702937
1920;0.767627747504;0.728566146889;0.773924273849;0.704039496553;0.742334987573;0.769457594244
1921;0.770266371703;0.726073616522;0.770448831754;0.700614606011;0.744618148521;0.769677159042
1922;0.767584324352;0.730028491224;0.772688138095;0.701536691206;0.745174738473;0.76870723822
1923;0.773166240204;0.734285095489;0.772788276085;0.700666110765;0.746712809014;0.765867446461
1924;0.773467982062;0.732512559011;0.774711157112;0.700410270455;0.747953502584;0.76646864326
1925;0.774225065412;0.735811117722;0.777281518067;0.701983012873;0.748397417893;0.770275775765
1926;0.77785620568;0.740954526525;0.782213428432;0.705477447151;0.751875570208;0.772523533185
1927;0.780850775972;0.736423123252;0.777565036721;0.703901623312;0.75449063655;0.771151707061
1928;0.780811051014;0.738196386341;0.777094369516;0.705056966127;0.756255175733;0.770347237784
1929;0.78751024164;0.739353344512;0.781715064632;0.704694073522;0.761153223822;0.774550351699
1930;0.783712876761;0.740475541035;0.781640495104;0.704592245583;0.758248112138;0.773734316989
1931;0.787386375854;0.744561014735;0.782500207484;0.700987299663;0.758423342546;0.772219243678
1932;0.783271030207;0.742961712575;0.786621012968;0.704973122604;0.758138137531;0.775362674392
1933;0.784259792668;0.744060781716;0.783740625654;0.7000553578;0.761960587294;0.772980431193
1934;0.785400843141;0.745274186396;0.783283666948;0.70274565477;0.765761161656;0.776790141506
1935;0.783707249639;0.745286212809;0.782110892566;0.700657329614;0.767100360709;0.774024341622
1936;0.78429602774;0.75233717655;0.788848346701;0.705260786253;0.765091175041;0.77811139142
1937;0.782827939865;0.748040367505;0.785612910348;0.700600897674;0.763849263906;0.773205609511
1938;0.781658971959;0.750061521663;0.78627254598;0.698294148971;0.759006525613;0.77238919247
1939;0.782059244231;0.753216606146;0.78810941348;0.700533237563;0.755489059319;0.775175339865
1940;0.784230635631;0.755698687691;0.789111975945;0.699253685968;0.755920922127;0.777730457863
1941;0.780047890329;0.754921077337;0.786329148825;0.69737423809;0.751950566543;0.774309657648
1942;0.787842040938;0.760388190935;0.785505199488;0.694509586832;0.756146876859;0.770655357661
1943;0.794373406026;0.761171080554;0.789251035909;0.697675968016;0.762947667624;0.777779463499
1944;0.795525631864;0.768435420276;0.794157645532;0.698493367118;0.761601813913;0.780787621964
1945;0.799023466795;0.768431169702;0.795142188718;0.696303289421;0.762600682566;0.778540430469
1946;0.798166196264;0.769708378597;0.796748037315;0.699376277423;0.761694305022;0.781614348582
1947;0.794998128109;0.776757822911;0.799569637147;0.705815892009;0.763572073654;0.783054377144
1948;0.795764464153;0.775163074812;0.800732326412;0.704893707996;0.76239277061;0.780002862102
1949;0.796032213075;0.78055170853;0.804852190736;0.71397947368;0.761264715025;0.782965487843
1950;0.796140933486;0.780327010152;0.802459869205;0.710613384561;0.761112703847;0.779119672327
1951;0.799332888366;0.778247460114;0.797479793721;0.705286518775;0.764416740341;0.776871819464
1952;0.796637445912;0.777989504308;0.797422159935;0.704792650938;0.761229222872;0.772950412087
1953;0.799973384376;0.779384099362;0.796248460674;0.703749252753;0.758524051182;0.772599221854
1954;0.799983309944;0.780220095035;0.794802103108;0.706548162108;0.756094340938;0.769928318416
1955;0.800043325717;0.778235418818;0.795507204299;0.705899969751;0.755571256445;0.766529452273
1956;0.796424012429;0.774503625388;0.789160243099;0.701914609557;0.75137571173;0.761870240808
1957;0.794195999661;0.774892463961;0.790907244792;0.701581168573;0.74674784656;0.76019497147
1958;0.793278107473;0.774801906706;0.788435480224;0.69801035151;0.748158488324;0.759027086398
1959;0.791875325612;0.777468312883;0.783043970995;0.693173225525;0.745929255601;0.752866974582
1960;0.789183195414;0.777022543499;0.783352604407;0.693149783657;0.742660423615;0.753018541173
1961;0.789960697313;0.776794087525;0.780402088372;0.691809438153;0.742017770933;0.752277691794
1962;0.788085486535;0.779508935329;0.783797608341;0.694805436509;0.746840853569;0.751377270474
1963;0.793877547918;0.783309819194;0.782635652921;0.694050778701;0.747856427707;0.752012029823
1964;0.794028773751;0.785541459075;0.78367961241;0.693271859026;0.748923360732;0.751985663489
1965;0.794500080392;0.7852848588;0.782286799314;0.691578578986;0.747203965756;0.749383622149
1966;0.790170828541;0.783916911753;0.778148907178;0.687382663469;0.742469956778;0.744720852841
1967;0.788617262452;0.784513168229;0.778441796726;0.690047538362;0.740876944429;0.744904330699
1968;0.789804384401;0.786836547653;0.779505798673;0.690843889059;0.737292794071;0.743102114014
1969;0.7893565046;0.789485611616;0.781546341244;0.691740457977;0.738670554502;0.744917135565
1970;0.793344730855;0.790445133524;0.782176134907;0.692328789083;0.739093549641;0.743811170176
1971;0.790581431808;0.790763912528;0.780560967531;0.689897208449;0.73624370406;0.741458445295
1972;0.791894515411;0.793230593332;0.782822861151;0.690998787407;0.737105301429;0.742058782212
1973;0.792706974927;0.794206821623;0.782159219317;0.691606678981;0.737255877862;0.73908896694
1974;0.792029972956;0.798515686278;0.784333526282;0.691774440989;0.740553829108;0.737415764459
1975;0.78834727304;0.795848777169;0.781026889284;0.687074340819;0.737466852206;0.735093926256
1976;0.786026179768;0.797066179642;0.781762869246;0.687747165021;0.739329871179;0.735490302269
1977;0.78400346881;0.798837496868;0.781650284845;0.687888846578;0.739923806966;0.737334092407
1978;0.786722092269;0.803376129298;0.783079524827;0.688310345093;0.743272477629;0.736625586621
1979;0.782982406229;0.800763119684;0.777410907738;0.683608191506;0.741428761054;0.732384920207
1980;0.789181169521;0.806561759543;0.779977607255;0.686171112396;0.743561960931;0.735876370551
1981;0.786464446213;0.809039640705;0.781324439442;0.688423066306;0.740011999546;0.73491556892
1982;0.784889707837;0.806967592403;0.776884738298;0.68405838484;0.740131205214;0.73133596894
1983;0.784630325085;0.805459298678;0.77678095022;0.685032687984;0.741184287246;0.73110066447
1984;0.78185120375;0.809866154821;0.781369907591;0.690026871339;0.745758178908;0.734481000299
1985;0.782739296096;0.812387171482;0.781468370201;0.691887075118;0.746700827803;0.733552280146
1986;0.783261462749;0.813475254503;0.781370493016;0.694144820908;0.750423133392;0.733384483141
1987;0.789729656593;0.815463294381;0.781561585602;0.692971903463;0.752861103022;0.731195933852
1988;0.790429606282;0.818843804291;0.78418143832;0.696082244387;0.75468863227;0.73685749432
1989;0.792289572384;0.817864657004;0.783857751718;0.695391182234;0.761962793265;0.735790094621
1990;0.788294827574;0.81934810099;0.784724887818;0.69424989086;0.757421327283;0.730764521585
1991;0.793339155732;0.8233021303;0.786134103317;0.698731789858;0.75622390944;0.728066863297
1992;0.798745068116;0.826468811023;0.787722875445;0.700017156258;0.757488614594;0.731698126795
1993;0.802623224201;0.825739498472;0.784277464516;0.697525905347;0.757001088179;0.730987837742
1994;0.807434252721;0.828160140003;0.78122011418;0.695942570469;0.758957304183;0.730446338156
1995;0.804753609858;0.830777544066;0.782958864598;0.695861644422;0.760536417877;0.731282831139
1996;0.809327945145;0.831647712256;0.784822801797;0.699569313445;0.75988234205;0.735254805726
1997;0.810977668684;0.833927420901;0.785943559525;0.699627113992;0.7627850555;0.735356871944
1998;0.816501871227;0.832463007863;0.788929850279;0.704809967403;0.763447948601;0.739016311191
1999;0.813737811485;0.833623800558;0.790977704993;0.704525941504;0.763572264337;0.735620666414
2000;0.817223761736;0.834024368857;0.792473612226;0.704998247082;0.764777443175;0.735160170052
2001;0.817759432956;0.835116626191;0.793056090972;0.709284681997;0.761345719406;0.739770306108
2002;0.819186446295;0.838165224486;0.790946613048;0.706356900095;0.764715553187;0.739833402321
2003;0.824167661607;0.838725761804;0.791224714815;0.710468405728;0.766536357408;0.743602220852
2004;0.826989381372;0.842738518863;0.792372339523;0.713750076017;0.765995619883;0.745531821604
2005;0.831995190689;0.840510179682;0.789797547809;0.710073489313;0.766084335367;0.74399270944
2006;0.832752832138;0.84092537526;0.790839906095;0.712865417174;0.765700600047;0.743340611695
2007;0.834455503427;0.838862467914;0.78988621405;0.710309406415;0.766389981041;0.743781460761
2008;0.840165375588;0.839704427325;0.789711221377;0.712477540272;0.767446625859;0.742959681266
2009;0.843432633594;0.840456181795;0.788807527219;0.710773698455;0.768097525232;0.742077766945
