year;frau;tochter;eltern;schwester;vater
1799;0.707858421771;0.696051038129;0.641930630723;0.757893816745;0.643173793415
1800;0.714812175311;0.703063070698;0.641661023922;0.762085838382;0.654893766093
1801;0.717545836874;0.705256957952;0.642270180914;0.762315578949;0.656468726678
1802;0.718574964384;0.706004192823;0.653415368921;0.762333971415;0.662830036052
1803;0.718749212091;0.704772515344;0.657015022558;0.759127996771;0.653264342859
1804;0.724365590835;0.714159141327;0.658571790042;0.760415086992;0.661108442999
1805;0.723491728008;0.715734240322;0.663326623044;0.759894817592;0.667134864327
1806;0.727361368532;0.715575393201;0.66982653944;0.765318405994;0.669319016393
1807;0.728611612456;0.717208015781;0.670014629825;0.767887839162;0.67101957797
1808;0.734408244342;0.721491562746;0.67220772145;0.770454499115;0.674697883412
1809;0.737445883813;0.725923736389;0.674110595844;0.775171169836;0.678085722248
1810;0.736827000562;0.725493943641;0.675630062125;0.776384236046;0.678535799858
1811;0.74029380488;0.73402853278;0.68239649744;0.780270128657;0.683621809298
1812;0.74069164936;0.730122725207;0.684253069335;0.777746169264;0.675590625856
1813;0.746336263305;0.736469566403;0.686988182915;0.783965800489;0.677278276559
1814;0.749964437163;0.741081743489;0.689076477834;0.787614616285;0.680857204331
1815;0.751001123804;0.739116219461;0.694941772413;0.78668753672;0.681108108563
1816;0.751449888784;0.733009074746;0.697096338687;0.784890253747;0.685120409242
1817;0.753543046888;0.738717658096;0.70048219089;0.790593168246;0.690449039194
1818;0.751578715352;0.738587944506;0.702288030584;0.795128419455;0.690172897473
1819;0.747932297566;0.739899076522;0.703593439314;0.798399137698;0.69064872132
1820;0.751245970174;0.738055497935;0.702486441597;0.79795628907;0.682941871097
1821;0.752351334113;0.737564622905;0.703391735935;0.796148074298;0.688434381582
1822;0.75474923862;0.73926488549;0.706596726153;0.797709866844;0.689540366089
1823;0.75194647242;0.743007987049;0.710384721493;0.797254839168;0.695666655502
1824;0.752476066677;0.744627995053;0.71307000633;0.798648902353;0.695354426049
1825;0.753813967484;0.745139542995;0.717385585099;0.800772173128;0.697462193359
1826;0.756126648532;0.745630585653;0.719639525893;0.801384529121;0.694217534354
1827;0.755850417647;0.747802718323;0.723322561966;0.801675652464;0.70392026373
1828;0.762895146378;0.747808093569;0.724263092501;0.803549382688;0.708443627087
1829;0.761724375129;0.751632860146;0.723690920703;0.806231120001;0.711630707007
1830;0.760632406131;0.756635496695;0.726403666263;0.814164126459;0.708194530703
1831;0.764056281943;0.759209765359;0.727597175631;0.81491113867;0.709392980907
1832;0.764966525096;0.76197639793;0.730038875161;0.819918887458;0.714589933878
1833;0.764922973922;0.762299614063;0.730237196825;0.822798387925;0.720182241377
1834;0.766085044057;0.760310386771;0.731999433592;0.821583453825;0.71700074197
1835;0.765801626952;0.761461698157;0.730001367947;0.821357507658;0.724433722834
1836;0.766571805792;0.761599919024;0.733397903869;0.823307183607;0.726815433842
1837;0.764224425799;0.76048638515;0.736932591082;0.821639054465;0.724822870969
1838;0.762573664613;0.759672073801;0.736963432719;0.820137659851;0.723894652935
1839;0.765131472197;0.758463515112;0.737717289241;0.815001284796;0.721879557309
1840;0.767574362745;0.761449091126;0.743523013181;0.817701637331;0.727257663751
1841;0.773973226591;0.767383298341;0.743983864163;0.820888541411;0.732204411901
1842;0.773874037921;0.770367359014;0.74556163291;0.822153123462;0.73542532248
1843;0.770621923665;0.769405315582;0.747484472162;0.821077872077;0.732265123627
1844;0.775754059332;0.769251148222;0.75001174888;0.821867232626;0.736131599459
1845;0.778661945127;0.770250166106;0.751910215179;0.823241983062;0.736199821863
1846;0.780022991005;0.768150778384;0.754706364032;0.822030970519;0.736543022781
1847;0.783341917383;0.768377390287;0.758397764435;0.824171675859;0.736465582447
1848;0.783845025873;0.768339647874;0.758570841898;0.823502421238;0.737130527934
1849;0.784509939869;0.77048894875;0.75890431214;0.82559292109;0.742948543739
1850;0.788602125473;0.774031640882;0.758518184749;0.828748059918;0.747827610718
1851;0.789214712962;0.77202901924;0.760515713969;0.827551213837;0.7491935438
1852;0.793068490426;0.775170270668;0.763362136851;0.829530576238;0.752679611277
1853;0.794928465657;0.771761118429;0.764778950083;0.828090986428;0.749961816531
1854;0.795075810345;0.771368291285;0.769078428926;0.826474749641;0.749453676842
1855;0.797659073527;0.77306761399;0.771622938944;0.829044176197;0.754714826881
1856;0.799775068307;0.77496530924;0.772706774156;0.833331118363;0.757197862635
1857;0.8051366656;0.7805162575;0.772679959294;0.837868548864;0.758447212637
1858;0.804495862202;0.782996856758;0.77437513099;0.838604821277;0.758128555945
1859;0.80705498617;0.782993115882;0.773896666993;0.838260900377;0.760876955921
1860;0.805398199476;0.783580040758;0.774927491885;0.837232506841;0.762846280453
1861;0.804990367423;0.787020065838;0.77857536376;0.839339816355;0.7627464064
1862;0.805061182781;0.789599699774;0.781408641834;0.841867039599;0.764389282977
1863;0.807260745972;0.79417432723;0.782996640136;0.843908270671;0.769670586584
1864;0.806958278479;0.79236001979;0.786220124076;0.845072280583;0.770060097356
1865;0.808118501335;0.793210317571;0.787268485373;0.847688717467;0.773076532322
1866;0.809315308292;0.793731734803;0.78656076593;0.847393417851;0.774306374499
1867;0.812859700313;0.794427268692;0.78633458017;0.848482952051;0.775344021184
1868;0.813914285716;0.796574169866;0.785146318602;0.846852333498;0.778602443273
1869;0.814070969621;0.795129190327;0.788880987125;0.847068654742;0.779315756094
1870;0.814962129552;0.796259142214;0.791385931394;0.8479915587;0.780039559636
1871;0.8144845956;0.796124537281;0.791955903167;0.848030585692;0.78347447692
1872;0.81456025941;0.79669249148;0.790361722222;0.849975893886;0.787963041758
1873;0.813182562858;0.795282939366;0.792343628893;0.849679243385;0.789511451606
1874;0.812783302812;0.79418013818;0.793523337115;0.850190505771;0.790430034475
1875;0.813624605305;0.793730714062;0.795000241692;0.849355232732;0.790767288202
1876;0.811500982556;0.794487485033;0.79475398494;0.850493672319;0.793089984597
1877;0.80641635261;0.791060184288;0.796087312797;0.847160980207;0.794215127631
1878;0.809343702572;0.790100417505;0.794433704593;0.846126444812;0.795880580664
1879;0.810408604207;0.789805432009;0.798093393586;0.846849293555;0.796314413928
1880;0.816458014053;0.792753319441;0.799263790537;0.849889285578;0.798227152898
1881;0.816146237526;0.792820565421;0.802568347515;0.850636134964;0.797566079285
1882;0.817504233484;0.793643727128;0.804489654688;0.852713914579;0.803099254216
1883;0.819757471953;0.795809228353;0.808817776246;0.853696178427;0.805384364603
1884;0.820947860363;0.797288903569;0.810892223244;0.85592232092;0.806829564235
1885;0.818279104679;0.795637004904;0.811342129491;0.853901960955;0.807667666635
1886;0.817170401636;0.794988490909;0.811651609411;0.854035037304;0.810108842514
1887;0.817247250418;0.795239888584;0.812999855747;0.853942715673;0.813236947967
1888;0.819376386029;0.795749974646;0.814511729312;0.8531224296;0.815666183395
1889;0.819255333925;0.79729599085;0.81207316917;0.854910501258;0.818076295426
1890;0.819404157143;0.796123388991;0.813973916645;0.854493036771;0.820211475992
1891;0.820972965755;0.798144241894;0.816730113662;0.857650918453;0.82620258295
1892;0.821262633867;0.799707807775;0.818011954441;0.858384191158;0.829196976466
1893;0.822561148365;0.800066110553;0.820207257739;0.858348367222;0.828332807969
1894;0.82452678944;0.801821604558;0.821126632978;0.858847137518;0.827781400446
1895;0.82619401203;0.799820780728;0.823943648265;0.857579824179;0.830745596119
1896;0.823215145434;0.797330835854;0.826572752373;0.854980996189;0.828384939152
1897;0.82268792719;0.799154224748;0.827775283336;0.85460756165;0.826803362503
1898;0.825231495575;0.799350119411;0.82956486711;0.854901486479;0.827875119557
1899;0.826309346868;0.800325179558;0.834054382037;0.856225672465;0.829153313954
1900;0.827032402869;0.798961885537;0.833937938549;0.854801335155;0.831371627892
1901;0.825597687856;0.797363849147;0.832630367442;0.853433647859;0.832996939823
1902;0.825855517191;0.797600220854;0.834740773962;0.855862653513;0.832642793043
1903;0.826013929924;0.79746688126;0.834628472433;0.856574800464;0.830954140222
1904;0.827788320447;0.797508145979;0.834885808011;0.858259438566;0.833817284256
1905;0.82840869013;0.79720961756;0.83531883547;0.859083578845;0.836733183324
1906;0.829405440174;0.796400868144;0.839087363395;0.860079683354;0.838641775866
1907;0.828375899353;0.796051450379;0.840959242609;0.85906558049;0.839705047543
1908;0.826650548936;0.796448851532;0.842114078294;0.858682559601;0.838366911526
1909;0.829085750984;0.79732916251;0.844073073022;0.858687042918;0.839846092196
1910;0.83122175538;0.797731434861;0.843712151428;0.858860462825;0.839627135352
1911;0.832111082569;0.796372418877;0.845323889581;0.856845963446;0.840970559354
1912;0.833139544482;0.796925981878;0.846453580762;0.857370042743;0.840204019215
1913;0.832543052599;0.797562792265;0.844644426774;0.858580061592;0.842124471433
1914;0.834846684836;0.797987762167;0.84672180424;0.858949887244;0.844207915617
1915;0.834546398278;0.798885895455;0.846882077436;0.859496350395;0.844751631591
1916;0.834343356526;0.79910310175;0.847594918622;0.860407668331;0.844960988069
1917;0.835884628246;0.79716932107;0.84933075396;0.858870009561;0.842244757406
1918;0.834788976661;0.797562097254;0.848236219097;0.860655917515;0.841907775284
1919;0.836772543847;0.799813278163;0.848230424824;0.860868642281;0.838882484112
1920;0.840140357155;0.800474543273;0.84835789493;0.861308090786;0.83843927388
1921;0.840878377954;0.800918570351;0.850134624771;0.862366140687;0.837855150786
1922;0.840628276765;0.801194492476;0.851937247342;0.863190958167;0.837266277303
1923;0.840133422552;0.802653007696;0.851386671945;0.864775382995;0.839443331797
1924;0.840358183806;0.804977648135;0.851306894304;0.866524606342;0.837621072894
1925;0.84097386844;0.80582558607;0.851331706674;0.86854556848;0.837394047163
1926;0.841763678532;0.803696631393;0.851513404946;0.867233646513;0.838001959869
1927;0.845331607462;0.803922736919;0.851488388147;0.865422266729;0.837481792728
1928;0.845032910615;0.80319390418;0.851638285364;0.864358661004;0.837432044621
1929;0.845241223352;0.80059545813;0.853057982369;0.86389134421;0.839239831218
1930;0.845362892093;0.800752328638;0.853383288166;0.863927889558;0.841583316964
1931;0.848323809178;0.799610321044;0.851054956287;0.864974580502;0.844178306738
1932;0.847543787154;0.801492477225;0.850600670249;0.86635433276;0.846455863734
1933;0.850260932311;0.799870805917;0.853900672273;0.864517315554;0.846137018496
1934;0.853544333635;0.804627857926;0.852497768937;0.867796389729;0.846467724694
1935;0.853862334251;0.806453652;0.852564809491;0.866870545038;0.844928316791
1936;0.853576680143;0.807992450283;0.85143613539;0.866081479695;0.84703792293
1937;0.853269470982;0.809860228359;0.85057647703;0.868076016614;0.847193010693
1938;0.854590202276;0.80936698323;0.850191747616;0.868217404186;0.84456610677
1939;0.853598260194;0.809367996087;0.851595074216;0.866771958102;0.845730747239
1940;0.855467003392;0.810985088602;0.852849822802;0.868772862928;0.8474126924
1941;0.855214165421;0.813108469223;0.854197964791;0.871032553235;0.846583489399
1942;0.856863707248;0.809617164117;0.854894490961;0.867708488486;0.845703681403
1943;0.855169064316;0.809226223439;0.854215344494;0.868001484312;0.846876281065
1944;0.853829598894;0.81071464858;0.85647031589;0.868554145009;0.845343708727
1945;0.855473210151;0.813034592282;0.854836668473;0.869473225721;0.844861784159
1946;0.852729303492;0.813190025153;0.854235316925;0.870722005754;0.84434221252
1947;0.851271880627;0.813703004895;0.852385001399;0.872075962715;0.843023227137
1948;0.855577161056;0.815368714246;0.853514986247;0.872703620309;0.841661627778
1949;0.856005371365;0.817137971591;0.851846692614;0.874255431569;0.843555452894
1950;0.851891441605;0.81770350149;0.853615744886;0.873432375158;0.844751450948
1951;0.851329701539;0.817233270758;0.852594042317;0.871325583979;0.846577982914
1952;0.850074629984;0.817346827057;0.854178576851;0.869871326511;0.845313987725
1953;0.850544577818;0.81665146156;0.854743776264;0.871149723686;0.847917303243
1954;0.849489771634;0.815364148034;0.853686163413;0.868181502579;0.846957201593
1955;0.849873660847;0.815660585749;0.853963752081;0.868315446917;0.849044396224
1956;0.848750556897;0.816487429877;0.856487032167;0.870360724843;0.849599135168
1957;0.846356682213;0.815647204273;0.856194542415;0.870801352897;0.851614389704
1958;0.844675892301;0.816090007005;0.856112882058;0.872857439798;0.850891301139
1959;0.842188958477;0.816522111885;0.853053043107;0.871830369519;0.850007522129
1960;0.843892582538;0.816322045553;0.853394862144;0.872049278294;0.847759658352
1961;0.846038907103;0.817321694651;0.852532012012;0.872083320304;0.84703258152
1962;0.843579363211;0.818527860618;0.850239783206;0.872370757225;0.849465342426
1963;0.84192440587;0.817909206764;0.851500538493;0.872919768815;0.851532080382
1964;0.840662562751;0.817213157501;0.851805274973;0.87234805224;0.853168758755
1965;0.839026242132;0.818335936744;0.851787382527;0.872908381243;0.853063935328
1966;0.839071630622;0.818462974576;0.853344057352;0.873231169459;0.853229207427
1967;0.83796644953;0.817641376688;0.853623346101;0.87248853033;0.853612459997
1968;0.840590147632;0.81962285824;0.855085320392;0.874066601315;0.85325504447
1969;0.839960746365;0.817697741149;0.857246698434;0.871146719703;0.854279607626
1970;0.841229372433;0.818818673577;0.856263083665;0.872437182284;0.853561883292
1971;0.841618398541;0.819489869571;0.856812551728;0.872533918452;0.853000513658
1972;0.840929700467;0.819746464984;0.858031184868;0.872185199708;0.855681148161
1973;0.836781803348;0.820322498811;0.858372313696;0.872178674913;0.853949433819
1974;0.83318401584;0.820816480467;0.859179338253;0.873405699196;0.85551818844
1975;0.827031926162;0.822267320559;0.85849813454;0.874183854462;0.856803753483
1976;0.824242297976;0.821229042062;0.85800043814;0.871930239075;0.856350297521
1977;0.823303764803;0.82152042658;0.859028907746;0.871837796242;0.855929912197
1978;0.821280680869;0.820623533794;0.862442088815;0.87284742097;0.857945612071
1979;0.823306100562;0.819470649846;0.86338068179;0.871591410792;0.857356140037
1980;0.821587686046;0.819470266335;0.863804055233;0.871357457146;0.857974034064
1981;0.819162416192;0.822085283241;0.86173052687;0.871741288981;0.860150148799
1982;0.816063282523;0.822302353948;0.862538584365;0.873279990214;0.862342206116
1983;0.817940797381;0.822640183989;0.865486807983;0.873287426413;0.862625751464
1984;0.812771289829;0.823097924559;0.865812714152;0.874059947909;0.863359517509
1985;0.80839681827;0.821746460026;0.866821493093;0.871446393983;0.862648691534
1986;0.808953145971;0.82319061335;0.865992042402;0.871293270626;0.863307986895
1987;0.812168707122;0.826382311894;0.867957189731;0.872258776529;0.864469611681
1988;0.810848100612;0.830240596219;0.866316643935;0.875175699147;0.866174186631
1989;0.813348084738;0.830886081082;0.867568867166;0.875473102883;0.867620523411
1990;0.807757264337;0.833377230274;0.86876974513;0.876581879173;0.869795858473
1991;0.810242061768;0.834489129902;0.870680050818;0.878951962743;0.871844793449
1992;0.815690643463;0.834453222876;0.867777182549;0.878541318906;0.869992634336
1993;0.819779948746;0.835254581238;0.869227046519;0.878261355396;0.870795179551
1994;0.821834576248;0.836157384928;0.868348975307;0.87919956765;0.872122478775
1995;0.820390116134;0.838156446368;0.869115743595;0.881065695443;0.872377158608
1996;0.82595398934;0.838313429485;0.869016921652;0.880948930025;0.875153346035
1997;0.828186676324;0.839311537437;0.870152681705;0.881693342415;0.878924172813
1998;0.83156143502;0.840041501129;0.871658962275;0.880122999618;0.880501489793
1999;0.833621899515;0.838788103188;0.871703061181;0.877920291958;0.880123934887
2000;0.833130425007;0.839924825335;0.875784421604;0.878116123274;0.882037474579
2001;0.836928370744;0.840725560263;0.875402296449;0.877463032867;0.880974525334
2002;0.842804428891;0.841796021632;0.877639325159;0.879054461089;0.882461403739
2003;0.847214124586;0.844556173411;0.878468206199;0.879898617354;0.881319375165
2004;0.847602006134;0.846116509542;0.878587173431;0.880889141981;0.883285478815
2005;0.849188129542;0.845860868787;0.875691135043;0.88005071134;0.884232100394
2006;0.850277679234;0.847822182023;0.876845536037;0.881818859752;0.885714459288
2007;0.850326126837;0.846249473487;0.877257624475;0.880928325057;0.885397388528
2008;0.852592884276;0.8482778673;0.878254745149;0.883352640633;0.887674416982
2009;0.852531638694;0.848046729235;0.875429735411;0.883333865889;0.885727633383
