year;abend;späte;stunde;tag;nachmittag
1799;0.525067919737;0.620499367333;0.617150241855;0.681889873837;0.488706567644
1800;0.522399300665;0.606537134058;0.615941536995;0.68653343888;0.484496644526
1801;0.529785569161;0.620014623655;0.619639546649;0.690578834625;0.497714027244
1802;0.527499126954;0.624004772618;0.618889244886;0.691350612574;0.503937657536
1803;0.533371096543;0.618809709871;0.614357642678;0.690896546078;0.495507793066
1804;0.536638275906;0.619959631379;0.621685185988;0.696057497102;0.511921631081
1805;0.541129467655;0.624430458044;0.62114443693;0.692234019407;0.512352946331
1806;0.540128314302;0.621833808906;0.623395142511;0.69250227006;0.508706802152
1807;0.547842156931;0.619383216358;0.624938153066;0.690165037422;0.500565522049
1808;0.557768580275;0.629429594042;0.625529978982;0.692773496551;0.518155162385
1809;0.568146019154;0.630724422913;0.62925008167;0.694572505452;0.518532946953
1810;0.57226278799;0.639288406957;0.633101480255;0.70233597311;0.52943943857
1811;0.575514461833;0.637788752741;0.633593673527;0.696888087812;0.526943846562
1812;0.574143807312;0.639654421158;0.629213293915;0.688482757987;0.541329427568
1813;0.575844532028;0.638472434738;0.632999037487;0.698866098073;0.541416344129
1814;0.586584668878;0.640762835971;0.631235395929;0.696515154368;0.546973231359
1815;0.587265378212;0.635852560144;0.633939249368;0.690671041137;0.540720692259
1816;0.591596390654;0.638624330173;0.631208148978;0.699607067814;0.549001057019
1817;0.594196610982;0.640362374957;0.630682758756;0.701190860751;0.549318785421
1818;0.595822722662;0.648650580646;0.631108675824;0.704965653633;0.572252003982
1819;0.601098502107;0.655222572173;0.634351088131;0.701408898542;0.580186604953
1820;0.596982788042;0.648788814196;0.629460635131;0.700199003804;0.570816836236
1821;0.599078754325;0.640397750716;0.626834008927;0.699323637613;0.560871933053
1822;0.600994641563;0.640016775746;0.626067393277;0.704515386491;0.576237227849
1823;0.609338252558;0.645098092058;0.632168042618;0.701108431373;0.580017737654
1824;0.612512716558;0.646645381676;0.632713911693;0.703425121198;0.585993653525
1825;0.615638731853;0.650233076404;0.636487760201;0.70749477954;0.592991889598
1826;0.621974513221;0.652293133515;0.63859364379;0.707238174845;0.594512890946
1827;0.618743390076;0.643747862096;0.634912859534;0.703593848043;0.583337189775
1828;0.624390198693;0.647183514249;0.636954738161;0.705626167018;0.587240487826
1829;0.622443532148;0.647624825059;0.633811787703;0.699369356329;0.60079847523
1830;0.621784535517;0.648165483407;0.6361257725;0.703268437445;0.598430759128
1831;0.625434416642;0.649058120772;0.637950842564;0.705513466656;0.606379263916
1832;0.625109907415;0.638147855763;0.636126767069;0.698211175266;0.598132387292
1833;0.624604031737;0.646026160074;0.639046692231;0.698940179138;0.607534879211
1834;0.625195671984;0.64855481442;0.640656003579;0.697228883821;0.611804910464
1835;0.630945966147;0.654974444219;0.64157682109;0.696860761533;0.61548142344
1836;0.634688873909;0.652870472963;0.642126998831;0.694381041647;0.61054800547
1837;0.640733259695;0.662616070886;0.646583938918;0.698665810585;0.623021142034
1838;0.639376724956;0.662256972598;0.646126688356;0.701557349286;0.620597445551
1839;0.639480284751;0.660088780677;0.646653546875;0.69913980134;0.621000099683
1840;0.63912051635;0.660534857622;0.645127167776;0.695012966007;0.617427664269
1841;0.643592632189;0.666182314416;0.648743286822;0.697887749006;0.625383949325
1842;0.64565937717;0.668449535152;0.649382027423;0.698197272957;0.62599330815
1843;0.648727997721;0.664189032268;0.645254812296;0.693850708052;0.62088452445
1844;0.649442532211;0.666714563802;0.645366172303;0.698839668917;0.626503449186
1845;0.652811684295;0.674531568184;0.65049171288;0.700739348644;0.637320121031
1846;0.653488196973;0.677598303578;0.656412610706;0.701648458803;0.637788817763
1847;0.657778950381;0.67741107851;0.656597441442;0.698944894351;0.643643475558
1848;0.660218879829;0.678663247908;0.656904271208;0.698518383079;0.651592483153
1849;0.666294001869;0.677517556956;0.656687811139;0.698852093838;0.660702315366
1850;0.668717732533;0.679057827769;0.658361652849;0.701655190674;0.665466547048
1851;0.674836490625;0.678134477105;0.661779548524;0.703375673805;0.665906782496
1852;0.675280527185;0.684025403917;0.664953695059;0.709057145156;0.671413556805
1853;0.67559548773;0.681754521055;0.661651733727;0.706373201531;0.668552915045
1854;0.672005914779;0.678869531473;0.660075062346;0.70863197315;0.662918635313
1855;0.676124210795;0.673785994664;0.659384158915;0.707013579501;0.659943160313
1856;0.678294540047;0.679094713682;0.661314155348;0.711055649927;0.664823290331
1857;0.681004770025;0.6822778694;0.664897001091;0.71667664696;0.668778429664
1858;0.686983959994;0.687150980015;0.664757348306;0.715859527195;0.675568571884
1859;0.688906626915;0.685827884326;0.666609927684;0.711254690435;0.673184426565
1860;0.693130220452;0.690572425237;0.666768186717;0.716486035942;0.680514951987
1861;0.69889040239;0.695568642389;0.6690959474;0.721926407252;0.685911169025
1862;0.70231632074;0.695300638228;0.670536914124;0.724417289957;0.688562694524
1863;0.701280242249;0.699187043161;0.672449353858;0.723652397268;0.689682360999
1864;0.701455301932;0.696526513322;0.675082776717;0.723482624165;0.689323872828
1865;0.705016877355;0.69954649609;0.671119812091;0.719748973835;0.694841233047
1866;0.705997587583;0.697100479011;0.672567381391;0.721402830661;0.693738683314
1867;0.704410728982;0.699672855313;0.672201363536;0.723253895995;0.696067658956
1868;0.704688400274;0.699553826474;0.671862442976;0.724772698239;0.695376844111
1869;0.706869436261;0.694524728019;0.669132234879;0.724475817234;0.693159213128
1870;0.709661473534;0.692472058141;0.666501520472;0.721242523226;0.692130182247
1871;0.711754637961;0.69450239485;0.664331217718;0.720911882642;0.697647061477
1872;0.712446091804;0.697690886919;0.666252742588;0.723891987163;0.700939304757
1873;0.716126571405;0.699670002834;0.66767916316;0.731148389259;0.706979762195
1874;0.718175306627;0.696523833639;0.665315337079;0.730579301747;0.704877431897
1875;0.720553603684;0.696718257363;0.662327546323;0.73067484118;0.70779798676
1876;0.723402301834;0.699472781107;0.664844393966;0.732184437501;0.708455335334
1877;0.727802208805;0.705000649642;0.669527678378;0.730844668501;0.715438855481
1878;0.729273581935;0.707495272733;0.667465760158;0.728387892689;0.719402348761
1879;0.730056803382;0.706634699899;0.669212854785;0.730847321403;0.720136248278
1880;0.730410432079;0.706771423681;0.674198318318;0.734171743286;0.719419548594
1881;0.730944871074;0.712132418692;0.675877289956;0.734195764395;0.720419229224
1882;0.731523011591;0.709441590092;0.674855319289;0.734535283997;0.719858701507
1883;0.731968956056;0.709391268432;0.673856994452;0.736850898261;0.719865976265
1884;0.732285782787;0.709488146139;0.674535423102;0.733689639255;0.717400229022
1885;0.732263975903;0.707581102052;0.672736134029;0.73670188259;0.717735965571
1886;0.735955105294;0.707468398841;0.669780144792;0.741258141363;0.720266348511
1887;0.73635733008;0.707456145936;0.669144932236;0.738606353701;0.719331206607
1888;0.735803110339;0.706880567242;0.67102010949;0.740085472945;0.719787422688
1889;0.736764445329;0.707253631375;0.674519346654;0.742411407352;0.720261054745
1890;0.737206126354;0.704836500284;0.669681314128;0.743840076776;0.715918431526
1891;0.74000473539;0.709036377285;0.672157058059;0.743172789362;0.72466860985
1892;0.743491801647;0.710652100679;0.672728664178;0.742693821614;0.728077778112
1893;0.740226634563;0.712247400263;0.672616251972;0.744124485066;0.726403854056
1894;0.742526789765;0.713867492326;0.675479416873;0.744899829556;0.727721234876
1895;0.742972626369;0.710324338566;0.672488277091;0.748160594659;0.72469805304
1896;0.744482657658;0.716191638019;0.671529757571;0.749251167731;0.729409290361
1897;0.744577926945;0.71111122783;0.670448985673;0.746381178362;0.727425294575
1898;0.74628055328;0.715162602781;0.670256981001;0.746687327687;0.730574382492
1899;0.74533999363;0.711495785629;0.67254322255;0.745844902701;0.727548797866
1900;0.746277933007;0.712316987041;0.672035705067;0.744324879418;0.73048490228
1901;0.745422410854;0.709928073055;0.672522647947;0.745157494319;0.729058677608
1902;0.747927397438;0.710986342609;0.670830510079;0.744770230178;0.732954569843
1903;0.748818555941;0.707295590592;0.669189894602;0.748350486786;0.731561270632
1904;0.751442334795;0.708014496202;0.669531999721;0.754395852687;0.734024798397
1905;0.753978112435;0.706910180948;0.667440551132;0.753307028288;0.733542164921
1906;0.755883981494;0.705349740107;0.669006743402;0.756567741609;0.731354218195
1907;0.753694656901;0.703906572469;0.666460778997;0.756413467847;0.729960035295
1908;0.75579216877;0.704754254595;0.668017146748;0.757412842588;0.730819644039
1909;0.757482119311;0.708349126378;0.671108734521;0.760778164425;0.732434979715
1910;0.75675040413;0.708013066519;0.669890141757;0.75939159239;0.73115565058
1911;0.759956869368;0.710414125452;0.671933630828;0.759855391995;0.734019025468
1912;0.760422468331;0.71335578069;0.672321998151;0.759293513768;0.737350600773
1913;0.760477515684;0.716234941547;0.673420226319;0.758291685144;0.740359380636
1914;0.760443174047;0.717923770564;0.672536724279;0.756844410017;0.742089989205
1915;0.761539506498;0.721737793795;0.671716548627;0.758939413435;0.743898192821
1916;0.763658456963;0.718814962079;0.671192591168;0.756748287356;0.746122003591
1917;0.761705073321;0.718033198092;0.67405920341;0.75511555319;0.745977365999
1918;0.763768302857;0.719274840707;0.674297258397;0.757874800801;0.749979132711
1919;0.764863757305;0.719003405005;0.670881698033;0.757393879172;0.750420149332
1920;0.765981373834;0.713762931156;0.668160220985;0.758303417261;0.746747261862
1921;0.766992470989;0.714497411947;0.667962059144;0.754379873789;0.747564924066
1922;0.768772856596;0.714888038942;0.665992278839;0.75229547277;0.750477581689
1923;0.76922188686;0.717252295062;0.665946649746;0.754550034356;0.75002170615
1924;0.770213291018;0.717143433422;0.667322466862;0.75408417884;0.748687453765
1925;0.774011168748;0.717607754073;0.670028282377;0.759109867395;0.752445782083
1926;0.772162700907;0.719306199984;0.668796424077;0.75562613491;0.751113479487
1927;0.772172642881;0.722076163381;0.670040109342;0.759717119716;0.75231557875
1928;0.77259112356;0.724065638496;0.671867212017;0.764457927543;0.75349331265
1929;0.771699127168;0.722691764853;0.668762108377;0.76337479646;0.75077282406
1930;0.772192701403;0.720985632547;0.666756958416;0.761419554024;0.751202467471
1931;0.773931494674;0.722426223079;0.66598441951;0.76280841206;0.754755997737
1932;0.772398567666;0.720837007405;0.664508319631;0.765289945662;0.752533296653
1933;0.775746638233;0.718898940441;0.663526020499;0.764525267823;0.753150973824
1934;0.777393841884;0.71981936819;0.664287510985;0.766269430105;0.756496915367
1935;0.779237474561;0.720875071644;0.664839976303;0.766263189769;0.759729454269
1936;0.782376206399;0.72043379335;0.668671254323;0.765141494588;0.760061844947
1937;0.784760960108;0.719448723369;0.669200634814;0.765091112373;0.763216774678
1938;0.784262525613;0.723021379945;0.668761525933;0.764495832579;0.766549450336
1939;0.785969272198;0.72489982719;0.672682895473;0.764290217426;0.767045539419
1940;0.786537273504;0.724812943311;0.67214524515;0.767307035275;0.769292184373
1941;0.789652916035;0.725805175294;0.672958215348;0.768371812056;0.771412184478
1942;0.790602683841;0.723105074011;0.673661432268;0.766282091292;0.770583936883
1943;0.789939686156;0.724035455941;0.672159443233;0.771260195813;0.772747948528
1944;0.790700984471;0.724806090861;0.673909848062;0.774255311445;0.771166167583
1945;0.788214962028;0.72198499359;0.670933943295;0.774911243302;0.767364759235
1946;0.79007769616;0.721222362812;0.670582436417;0.779381202366;0.769055358216
1947;0.789324651441;0.722378089709;0.670137997994;0.781644060989;0.76871599794
1948;0.788736843199;0.724679923197;0.669134149692;0.7796428535;0.768928106803
1949;0.786460227002;0.725486175155;0.66770149868;0.781591286923;0.768580239596
1950;0.785398993761;0.723241664029;0.667941807278;0.780720215233;0.768864695889
1951;0.785886770233;0.72419852266;0.664723357986;0.77999230624;0.768520424302
1952;0.786666977759;0.72279892921;0.663529352759;0.778637969699;0.768472752369
1953;0.791976868546;0.72198215655;0.666006090525;0.781054380426;0.771171362091
1954;0.792289717405;0.724226127732;0.665392379126;0.782993952446;0.774532872058
1955;0.792384882674;0.725398115128;0.667831228945;0.783588241159;0.774855362737
1956;0.793436920108;0.724472603236;0.668957600312;0.782336121422;0.776030929985
1957;0.79298828009;0.723830347958;0.668862516096;0.779166366993;0.773992586272
1958;0.796164420841;0.72290073467;0.668527797994;0.780439314633;0.774998498247
1959;0.79639260406;0.723237054017;0.668251969696;0.780645302589;0.777727779065
1960;0.797744710466;0.726360463184;0.670772072788;0.77942515205;0.780060835569
1961;0.796743452265;0.725613831071;0.669155548518;0.77602403041;0.779495037674
1962;0.798754514411;0.725791692883;0.672195997523;0.781103457456;0.781222250287
1963;0.799982437728;0.724034804441;0.670229966106;0.779260571348;0.781201890591
1964;0.79985762143;0.723055900404;0.672321940763;0.78038524466;0.779497302718
1965;0.800886575353;0.724619726215;0.67163191606;0.777591534551;0.779597609963
1966;0.801836510473;0.724748327377;0.670530506269;0.776938789595;0.779737002065
1967;0.803409316983;0.726137169538;0.672555413276;0.774119057446;0.780692156657
1968;0.804072644738;0.725991315267;0.672594632739;0.772143369907;0.779460337814
1969;0.804584229805;0.723647941103;0.673321642109;0.773190689036;0.779572676391
1970;0.803159929928;0.722951127084;0.671437097847;0.769888795127;0.778987238222
1971;0.80342345262;0.72256241463;0.672676049195;0.773274926324;0.77939454128
1972;0.802150387169;0.722405866189;0.672118646465;0.771156046032;0.777362428027
1973;0.800659173074;0.720481902219;0.673255481346;0.769850561055;0.77637432163
1974;0.800811469473;0.718572874709;0.673405579842;0.772802973954;0.776460962495
1975;0.80162131971;0.720599806676;0.674009153787;0.775047770762;0.778291223292
1976;0.801154299833;0.72301272677;0.675194783089;0.77546245376;0.778150094672
1977;0.801213578368;0.720340781903;0.67283276834;0.773490670849;0.778641566118
1978;0.799456290129;0.721224986813;0.675300040387;0.772438553228;0.776073220668
1979;0.802209320402;0.721139740413;0.677169476509;0.773627799305;0.776734637736
1980;0.804424777158;0.722069688639;0.677293172228;0.776808980193;0.778102621733
1981;0.804039724567;0.720869689501;0.678579350561;0.77848724342;0.777942734622
1982;0.804498217394;0.721819529855;0.677164706729;0.780363997976;0.779876911714
1983;0.804147402259;0.722124223117;0.677694730608;0.782023165655;0.779435350517
1984;0.803826587201;0.721935762589;0.675960829915;0.783341167306;0.779673102774
1985;0.805043483952;0.720573395142;0.674437515728;0.781293705442;0.781358361726
1986;0.805235647507;0.717768193438;0.673311597778;0.780315801089;0.779179237949
1987;0.805283283209;0.72095289984;0.6736027989;0.781395925208;0.779709188741
1988;0.805961646081;0.720934793733;0.67253450293;0.781500874026;0.781160664385
1989;0.806607722711;0.721326020966;0.673128613029;0.783910211486;0.78134308128
1990;0.805866943112;0.721935882251;0.673370313529;0.78121816916;0.781768595703
1991;0.805029963108;0.722403338146;0.676798623323;0.781816312003;0.781426333931
1992;0.805666482414;0.72487745819;0.676980899205;0.780711161974;0.782555137433
1993;0.806239252324;0.723067265645;0.675735913336;0.779174999302;0.78207246441
1994;0.808588364734;0.724536615148;0.676198757797;0.782898062624;0.786209145926
1995;0.806983380552;0.724430982785;0.681612068627;0.783832248826;0.785245456588
1996;0.80731283636;0.728085724198;0.679553669238;0.787518558374;0.787376862333
1997;0.808380465815;0.727442719831;0.6797976197;0.78778128131;0.787008333206
1998;0.809383976735;0.729488652074;0.683515306739;0.791353719463;0.787622999769
1999;0.809100783855;0.730505691276;0.68392071773;0.791914723248;0.786777714096
2000;0.807284737928;0.729919449601;0.683536326012;0.788012243423;0.783578114355
2001;0.808626666092;0.733155994736;0.685012447349;0.789569578496;0.787558664666
2002;0.810875626898;0.733148165965;0.68463138282;0.792558114588;0.792132905774
2003;0.811171516284;0.731402200828;0.682105117941;0.790938907067;0.791993944007
2004;0.812528467375;0.730616991722;0.681184011016;0.791976682374;0.793698731792
2005;0.811948066939;0.729348514882;0.679373988115;0.792520820458;0.792597464362
2006;0.812124154995;0.729968352253;0.68088681977;0.796688540088;0.792943787793
2007;0.81172410965;0.727813938089;0.680865663408;0.796079888736;0.791780026054
2008;0.812240955143;0.72813033377;0.683005586621;0.797227734833;0.792873963731
2009;0.811389665056;0.727314481734;0.685366946498;0.794171238882;0.792606229197
