year;nachmittag;nacht;monat;tage;heutigen
1799;0.499218139952;0.681889873837;0.658727011105;0.612096272103;0.684868453795
1800;0.51546256864;0.68653343888;0.662582021909;0.618444936587;0.699192224183
1801;0.518450948568;0.690578834625;0.661773678547;0.624439417778;0.703819959966
1802;0.518213099782;0.691350612574;0.664864665614;0.625029669076;0.699341066237
1803;0.503555312861;0.690896546078;0.660381056317;0.625574531537;0.689646562237
1804;0.533458543769;0.696057497102;0.66987261795;0.629721651398;0.698700196389
1805;0.532547718324;0.692234019407;0.672668626002;0.634223078328;0.704758339754
1806;0.53580173561;0.69250227006;0.674973070883;0.638429878749;0.704655182965
1807;0.538820200329;0.690165037422;0.679948987817;0.636815176425;0.700624600711
1808;0.540743107474;0.692773496551;0.678891260253;0.641004835646;0.699141142141
1809;0.535309061315;0.694572505452;0.674028870541;0.643725706859;0.694670819959
1810;0.542990780335;0.70233597311;0.676344271976;0.645297062683;0.702975859861
1811;0.550267747288;0.696888087812;0.677094759631;0.652806349566;0.704832226145
1812;0.546203487533;0.688482757987;0.670812940245;0.652176671797;0.704011883474
1813;0.550261622869;0.698866098073;0.678055215567;0.656672684324;0.706226872276
1814;0.550278109517;0.696515154368;0.677151479845;0.654052607378;0.706007389799
1815;0.557705200032;0.690671041137;0.682465406693;0.658672862544;0.708711073753
1816;0.551519725437;0.699607067814;0.684265565318;0.655480080157;0.710421442267
1817;0.551843423646;0.701190860751;0.686715718072;0.65601484363;0.706333082434
1818;0.584528628477;0.704965653633;0.697927690312;0.657930111437;0.708055229851
1819;0.580382915646;0.701408898542;0.696708580852;0.658949992551;0.704291658312
1820;0.577880095687;0.700199003804;0.697671541712;0.66126446387;0.700839347345
1821;0.582652692783;0.699323637613;0.699642261478;0.664516433202;0.701727388457
1822;0.599728026369;0.704515386491;0.69846625205;0.663777275908;0.702957446854
1823;0.602646926202;0.701108431373;0.704516057322;0.669669417263;0.69889545706
1824;0.598748842133;0.703425121198;0.704094943074;0.669791008148;0.6996970231
1825;0.59685751208;0.70749477954;0.70318502003;0.670761152855;0.702448801752
1826;0.606644679283;0.707238174845;0.709202749927;0.669600116165;0.702975775911
1827;0.605290345854;0.703593848043;0.711827652044;0.673464643493;0.702936377656
1828;0.608549548497;0.705626167018;0.715656446867;0.67423685799;0.708050604142
1829;0.625480741239;0.699369356329;0.71759288311;0.673765220922;0.706218727225
1830;0.622199728165;0.703268437445;0.715252892731;0.668091612094;0.703260738282
1831;0.626513011019;0.705513466656;0.717083237031;0.670419159867;0.705671332336
1832;0.624625742066;0.698211175266;0.71586604604;0.66872199441;0.70002694233
1833;0.624281694856;0.698940179138;0.715074261299;0.670119751355;0.702182335473
1834;0.625792546494;0.697228883821;0.718593885844;0.676820324601;0.703269571407
1835;0.626273176458;0.696860761533;0.714685265416;0.675186207697;0.697552120826
1836;0.632115099929;0.694381041647;0.715571560148;0.682931765536;0.689814131551
1837;0.630528181367;0.698665810585;0.716939861371;0.682612497096;0.685921402232
1838;0.634747959335;0.701557349286;0.720677195037;0.681941378257;0.688421888277
1839;0.635539557757;0.69913980134;0.71941994904;0.676402160513;0.688791023284
1840;0.640879663531;0.695012966007;0.71992429969;0.680477387168;0.685712297572
1841;0.63861448844;0.697887749006;0.721348793804;0.683609466644;0.685619674687
1842;0.64711070136;0.698197272957;0.724141585641;0.686766161631;0.684374048415
1843;0.643806662648;0.693850708052;0.725047374135;0.689737733066;0.678457816364
1844;0.645392933538;0.698839668917;0.725192774586;0.68972864194;0.676338645069
1845;0.650603538424;0.700739348644;0.729454808413;0.692215093537;0.685079255656
1846;0.655017763775;0.701648458803;0.732629747273;0.693497029183;0.682621914762
1847;0.65033806863;0.698944894351;0.728820042015;0.69656207527;0.683619524787
1848;0.648848723753;0.698518383079;0.731654673882;0.696718147608;0.678141745969
1849;0.648578570628;0.698852093838;0.735364160748;0.698458269729;0.678164187536
1850;0.651267659239;0.701655190674;0.732579778607;0.697620587615;0.672081958111
1851;0.653292581844;0.703375673805;0.735027749987;0.695987812331;0.667639580932
1852;0.656775147768;0.709057145156;0.738509419239;0.698118478171;0.660047053642
1853;0.658343384938;0.706373201531;0.738252509727;0.702341715659;0.660865452013
1854;0.659014452434;0.70863197315;0.737932573869;0.704139453968;0.662121198124
1855;0.661224667009;0.707013579501;0.739336513463;0.702520548949;0.659956428857
1856;0.659622149478;0.711055649927;0.738420399453;0.705640297565;0.663682098627
1857;0.661479879419;0.71667664696;0.743003840915;0.704881707226;0.661817994924
1858;0.664045837837;0.715859527195;0.744380195348;0.705140177716;0.660919079271
1859;0.665964007299;0.711254690435;0.744749111898;0.701427008718;0.660531487597
1860;0.67171001489;0.716486035942;0.744448378614;0.701971881779;0.659675576629
1861;0.672428533867;0.721926407252;0.744631326049;0.700145589744;0.657102608733
1862;0.673241384906;0.724417289957;0.744746352714;0.700341677741;0.653284761477
1863;0.670409258115;0.723652397268;0.743771427429;0.70643046725;0.652249251333
1864;0.666070657236;0.723482624165;0.748331115626;0.708688839895;0.653379182618
1865;0.665799987577;0.719748973835;0.746302704654;0.707851375923;0.643706261913
1866;0.665149910496;0.721402830661;0.74515586836;0.711553497182;0.64438546446
1867;0.671100357114;0.723253895995;0.745103601086;0.707841328285;0.646847666891
1868;0.669321564081;0.724772698239;0.749556898115;0.704314030393;0.644152224993
1869;0.669836570713;0.724475817234;0.751193523664;0.704319248085;0.645121349314
1870;0.668973495635;0.721242523226;0.751696333208;0.709675071161;0.644387599229
1871;0.672532929208;0.720911882642;0.757188379828;0.710009216065;0.647896858122
1872;0.680701120112;0.723891987163;0.762270050969;0.710300470684;0.648866619852
1873;0.681127655968;0.731148389259;0.762582992587;0.708742395757;0.650323941987
1874;0.692294040405;0.730579301747;0.763450555103;0.709397820708;0.650991837671
1875;0.687576858028;0.73067484118;0.760022538908;0.705077016188;0.649796002298
1876;0.684970980655;0.732184437501;0.76120344657;0.703478590642;0.646982249661
1877;0.685825934185;0.730844668501;0.760627099687;0.70277502248;0.639512138078
1878;0.682486900086;0.728387892689;0.760026932211;0.704321170982;0.639605132563
1879;0.688599655346;0.730847321403;0.760113425116;0.70674470229;0.635078645979
1880;0.686475199401;0.734171743286;0.761981854513;0.708060046494;0.636350460459
1881;0.68599252876;0.734195764395;0.761523713128;0.707347462071;0.637097486766
1882;0.685765183696;0.734535283997;0.762038420454;0.707839706377;0.638200261931
1883;0.688993767105;0.736850898261;0.765847761007;0.709978489666;0.643226605049
1884;0.68804760943;0.733689639255;0.764027906095;0.708772295167;0.637468363358
1885;0.693443920164;0.73670188259;0.769397724939;0.7083438111;0.632235946954
1886;0.693402010737;0.741258141363;0.768335023152;0.711023961812;0.633466058755
1887;0.692455148854;0.738606353701;0.770461521856;0.710456432041;0.636160474105
1888;0.69187321074;0.740085472945;0.769591213294;0.70959557857;0.639838702407
1889;0.692318766783;0.742411407352;0.772559663168;0.712213893803;0.642599892604
1890;0.692472583602;0.743840076776;0.774001280913;0.714102605087;0.643960153553
1891;0.692719639201;0.743172789362;0.772616666129;0.710868329625;0.641288982975
1892;0.698388017626;0.742693821614;0.772519344329;0.71502176819;0.637490176174
1893;0.699764578504;0.744124485066;0.775167144088;0.717022503817;0.639678123708
1894;0.698382326988;0.744899829556;0.776431468206;0.71512802618;0.636542893117
1895;0.702477861959;0.748160594659;0.777777621593;0.717584582452;0.628581917664
1896;0.704769115303;0.749251167731;0.775303411944;0.720033448029;0.628999428687
1897;0.70475667323;0.746381178362;0.774074280825;0.71547216659;0.632146492872
1898;0.704443070256;0.746687327687;0.775837688833;0.713395669382;0.634923185711
1899;0.713441940381;0.745844902701;0.776601570736;0.716159118021;0.632389847828
1900;0.710286908549;0.744324879418;0.77477705612;0.716089965259;0.632959002287
1901;0.708081753553;0.745157494319;0.774871675211;0.71871667857;0.628853815062
1902;0.710202249376;0.744770230178;0.775937646238;0.718659086038;0.627695456026
1903;0.713942124297;0.748350486786;0.77728090748;0.717447612418;0.628740507918
1904;0.716686691337;0.754395852687;0.77925687672;0.720372715768;0.628591673512
1905;0.713990473291;0.753307028288;0.779395493606;0.721371740927;0.628329885508
1906;0.715871175849;0.756567741609;0.776733043297;0.721561693045;0.629296135407
1907;0.713272700537;0.756413467847;0.778068207885;0.718984941036;0.62096427326
1908;0.716262375171;0.757412842588;0.777862911117;0.714879868923;0.622089708748
1909;0.715569211411;0.760778164425;0.774421862897;0.715902170313;0.621847003649
1910;0.720055444711;0.75939159239;0.778111522696;0.721869696175;0.621162696778
1911;0.720866527763;0.759855391995;0.77859382009;0.72515363732;0.625174549287
1912;0.720967099714;0.759293513768;0.777324494166;0.728790923121;0.624152615174
1913;0.719106356824;0.758291685144;0.777578078406;0.727873375576;0.624826759905
1914;0.717002851106;0.756844410017;0.77814192228;0.728074905088;0.624765240382
1915;0.724068177795;0.758939413435;0.782789825613;0.730556897132;0.629676962957
1916;0.72656228569;0.756748287356;0.780144189947;0.727308919118;0.628753402416
1917;0.731836037474;0.75511555319;0.783255754899;0.731361389314;0.630789882595
1918;0.733057980224;0.757874800801;0.786682186063;0.731680602222;0.635570116978
1919;0.731081922382;0.757393879172;0.785724879927;0.732331519412;0.631701712959
1920;0.73279112621;0.758303417261;0.788496196689;0.736216598781;0.633278121771
1921;0.731749720319;0.754379873789;0.786470683315;0.738700226047;0.632823557372
1922;0.730091095645;0.75229547277;0.788556199513;0.736107842071;0.636655729464
1923;0.733926085031;0.754550034356;0.786315147534;0.734460882049;0.637643621839
1924;0.728952880196;0.75408417884;0.787128043104;0.736349362733;0.635175059467
1925;0.733510447114;0.759109867395;0.788393895428;0.740951274877;0.63331318428
1926;0.733505520201;0.75562613491;0.790177460748;0.745292811229;0.627947078849
1927;0.73818609195;0.759717119716;0.793377435251;0.743753939643;0.626691156385
1928;0.741455844318;0.764457927543;0.792172570058;0.745456783023;0.626089599785
1929;0.739192383933;0.76337479646;0.791600312271;0.742643003494;0.624901473741
1930;0.736638211173;0.761419554024;0.794271930735;0.741119992333;0.623363484797
1931;0.736610023844;0.76280841206;0.793087078223;0.740653318054;0.621217980197
1932;0.740204855929;0.765289945662;0.792927333391;0.745020906002;0.619740593219
1933;0.741485303164;0.764525267823;0.796190903011;0.749871917273;0.622839302463
1934;0.744439136002;0.766269430105;0.797265949378;0.74905999884;0.618506685138
1935;0.746472137868;0.766263189769;0.796381710388;0.748988420179;0.617728058497
1936;0.745681023765;0.765141494588;0.794620787125;0.747618371552;0.616731850479
1937;0.742785911912;0.765091112373;0.797519090191;0.74542814088;0.613628536241
1938;0.743863778346;0.764495832579;0.799792625191;0.750874074212;0.61185836093
1939;0.746312439799;0.764290217426;0.79878780305;0.75042142236;0.614785364927
1940;0.750903409521;0.767307035275;0.801976518373;0.752789443725;0.615062056567
1941;0.757442583367;0.768371812056;0.804936992968;0.755444278961;0.621387901046
1942;0.751907224551;0.766282091292;0.802032660698;0.757631288291;0.624952460764
1943;0.752926469443;0.771260195813;0.80487275149;0.758080043109;0.629229309122
1944;0.752130178741;0.774255311445;0.803070464707;0.761462669193;0.627605737308
1945;0.751621636485;0.774911243302;0.800070127187;0.762780108904;0.628006931803
1946;0.758526731499;0.779381202366;0.802128672241;0.764493382574;0.630144959572
1947;0.755595648131;0.781644060989;0.800160128579;0.762888254454;0.623321462963
1948;0.758039515113;0.7796428535;0.804141842578;0.764234443539;0.622281820781
1949;0.76315925379;0.781591286923;0.806533387086;0.767780692326;0.620940871705
1950;0.767794470861;0.780720215233;0.812461494729;0.770588259785;0.619298405468
1951;0.769179886134;0.77999230624;0.812462654916;0.767208603984;0.620631502363
1952;0.772950427021;0.778637969699;0.811942048517;0.771346803403;0.622120399598
1953;0.773975044126;0.781054380426;0.812190517558;0.773230129371;0.622093648468
1954;0.776955410048;0.782993952446;0.808018244064;0.769880250106;0.620726570302
1955;0.778947670979;0.783588241159;0.810927454337;0.770539556274;0.615906342773
1956;0.777656902335;0.782336121422;0.810602415986;0.763610587742;0.613221401051
1957;0.773779965627;0.779166366993;0.806114988242;0.762132098941;0.605649480437
1958;0.776723201833;0.780439314633;0.807551301765;0.763342257154;0.603940881118
1959;0.780538104237;0.780645302589;0.808528716751;0.763582514569;0.602031534943
1960;0.780170408881;0.77942515205;0.810266051511;0.764699335355;0.600125184349
1961;0.784835978233;0.77602403041;0.810708045709;0.767285479122;0.600043547864
1962;0.788801574993;0.781103457456;0.812785789598;0.773807072988;0.605265909558
1963;0.786391416503;0.779260571348;0.808819688103;0.773468663995;0.607472991962
1964;0.786108427424;0.78038524466;0.812117752275;0.774875178297;0.605771984084
1965;0.781960088885;0.777591534551;0.810980597754;0.773254835501;0.598156624208
1966;0.779325774191;0.776938789595;0.808105473208;0.7734985877;0.597709227833
1967;0.780178605454;0.774119057446;0.808622916095;0.771957157958;0.602314941673
1968;0.775733084912;0.772143369907;0.8093792337;0.774744697148;0.600736184211
1969;0.775485887902;0.773190689036;0.811580472653;0.773535889059;0.596976902541
1970;0.778329448861;0.769888795127;0.812217413133;0.777967960595;0.593282019481
1971;0.77944405564;0.773274926324;0.813422189342;0.776233753558;0.594940380749
1972;0.780705370776;0.771156046032;0.811662204823;0.774808465701;0.59433753969
1973;0.780815636363;0.769850561055;0.812165851945;0.775881193369;0.592108765263
1974;0.783071421284;0.772802973954;0.812565029853;0.78097240445;0.591091280241
1975;0.782938679924;0.775047770762;0.813193647395;0.782730697373;0.587936850041
1976;0.785561320114;0.77546245376;0.813575039501;0.783154679061;0.585136076132
1977;0.785839778493;0.773490670849;0.81442156309;0.783795064396;0.580793846494
1978;0.786892318561;0.772438553228;0.814182286076;0.784771018436;0.584898651123
1979;0.783021243029;0.773627799305;0.815358601474;0.784902778681;0.581966109821
1980;0.786760936824;0.776808980193;0.815196417667;0.785107584256;0.580478485913
1981;0.788057319882;0.77848724342;0.813425768518;0.783444547885;0.579722684963
1982;0.787188309641;0.780363997976;0.811543787278;0.786575004652;0.580611057933
1983;0.787501754551;0.782023165655;0.808549339983;0.788357131815;0.581444494259
1984;0.786748105553;0.783341167306;0.80862673637;0.789618428668;0.584212310519
1985;0.786744408193;0.781293705442;0.809581440097;0.786774863507;0.58448370514
1986;0.787509282451;0.780315801089;0.809518349005;0.78696725437;0.581024073763
1987;0.787700877797;0.781395925208;0.807757843027;0.787304110958;0.581504320998
1988;0.791997501324;0.781500874026;0.813950752784;0.791371652283;0.584367506411
1989;0.793100910263;0.783910211486;0.814073287381;0.79175943011;0.589615746143
1990;0.798084014443;0.78121816916;0.815389825429;0.793579087375;0.5919501428
1991;0.797261343771;0.781816312003;0.814725129649;0.791677985253;0.589935836242
1992;0.79606371591;0.780711161974;0.813414697915;0.791558520398;0.590342664907
1993;0.795290836213;0.779174999302;0.816094654561;0.789877702805;0.588043399463
1994;0.796823717881;0.782898062624;0.816937900017;0.791167200394;0.592029376677
1995;0.79609421786;0.783832248826;0.816589666326;0.790822062855;0.593542191162
1996;0.797589208565;0.787518558374;0.814671633664;0.793355592755;0.590827247903
1997;0.799810936232;0.78778128131;0.814462527751;0.794560226639;0.58822995879
1998;0.801173645862;0.791353719463;0.817388056203;0.795916109107;0.588107705718
1999;0.800818744528;0.791914723248;0.819303520892;0.795699402115;0.589803685686
2000;0.798547663708;0.788012243423;0.818887233999;0.79540624814;0.584437992987
2001;0.800992620166;0.789569578496;0.819357942663;0.799478319888;0.584966521132
2002;0.801316453513;0.792558114588;0.81708989662;0.797128288771;0.582774791358
2003;0.803106724972;0.790938907067;0.818621750216;0.798992491955;0.579914937632
2004;0.804317769151;0.791976682374;0.816997824593;0.799904698288;0.579617903047
2005;0.807817554544;0.792520820458;0.820031296321;0.801950585464;0.586342002608
2006;0.80960663477;0.796688540088;0.822153091713;0.800616526573;0.587300693517
2007;0.810806933783;0.796079888736;0.821784986219;0.801762664399;0.585931250046
2008;0.812285142122;0.797227734833;0.824221035572;0.802232928661;0.589747000051
2009;0.813841863021;0.794171238882;0.826039831717;0.804700497032;0.593659946681
