year;oel;bier;gemüse;branntwein;getreide
1799;0.687767429949;0.712866138227;0.57494516507;0.60917177259;0.678770625862
1800;0.691615548944;0.723962175575;0.581954359163;0.62261258908;0.680724096843
1801;0.690130071428;0.724525194401;0.584224859093;0.630002343929;0.679481219854
1802;0.695954613471;0.730168530322;0.585740139192;0.63377580078;0.683034620117
1803;0.687880225619;0.723351261451;0.5780578101;0.631873056665;0.679623420402
1804;0.691648108955;0.726099802226;0.580533924915;0.637059194132;0.682927116231
1805;0.6897526778;0.722326250651;0.575751106081;0.63918211589;0.680857923366
1806;0.692966444051;0.725091645932;0.575996475193;0.640575165055;0.684045975211
1807;0.697592792819;0.729479880288;0.582060408923;0.641527700707;0.685445246547
1808;0.700965671885;0.735019385392;0.583632988021;0.650722444586;0.689474738734
1809;0.702130498415;0.739213139442;0.592617140713;0.657858151968;0.691370195299
1810;0.707396987402;0.744759232615;0.598415085888;0.670017278786;0.693935460683
1811;0.713204920615;0.747571906533;0.604616790133;0.672591902588;0.696833338834
1812;0.711658632609;0.745687750488;0.608132157973;0.675941898638;0.694418562646
1813;0.718021248343;0.752487504017;0.617516904599;0.684906570107;0.699016948414
1814;0.712912640834;0.749845575693;0.618112617675;0.683720569147;0.69838420335
1815;0.711850733077;0.749073436772;0.624655021646;0.684500519668;0.703352999514
1816;0.716909958209;0.753359770716;0.628600480122;0.687910394444;0.703612605383
1817;0.716521002188;0.754774184937;0.627944816388;0.685990400906;0.705904265599
1818;0.716989669787;0.754469746076;0.628240614313;0.685620373933;0.705604408884
1819;0.717507561644;0.759808382495;0.632488626492;0.686824371379;0.705763272365
1820;0.713137840942;0.750965785566;0.625289693101;0.67770377663;0.701537038605
1821;0.715237736327;0.753925792779;0.630150709813;0.684373774644;0.700480823078
1822;0.717429782135;0.755604960597;0.632346830385;0.685872707374;0.699728252241
1823;0.719065592871;0.758438518352;0.632586604719;0.689261822689;0.702111894763
1824;0.727352511025;0.765978251832;0.641261709377;0.699965388524;0.704215128548
1825;0.729043205071;0.771044975791;0.646058474123;0.703866638652;0.703833348442
1826;0.72899076714;0.77062972053;0.646785210361;0.704195876561;0.703723094398
1827;0.734036933455;0.776931364917;0.654246193246;0.711253718677;0.710003102612
1828;0.737920938964;0.781191501165;0.658812160905;0.715731864576;0.71604197385
1829;0.740705414485;0.782884395534;0.662337907221;0.721018396639;0.718066626429
1830;0.736972564726;0.778680961097;0.655995052336;0.714493833643;0.71461208657
1831;0.736378881588;0.77780621748;0.652401426413;0.712949356584;0.714123236325
1832;0.735882466899;0.778762584158;0.6538906847;0.714978972771;0.712621128335
1833;0.743553034563;0.787203634897;0.663461359229;0.732185388548;0.719077245551
1834;0.75067943892;0.795905268112;0.672927016426;0.759161379442;0.724657617135
1835;0.750425550173;0.796003334504;0.67174406724;0.760292893619;0.722838867409
1836;0.75596195984;0.798369655076;0.678841370432;0.768346925474;0.724859816518
1837;0.746677336725;0.791708760325;0.67112267293;0.763112431117;0.720837553047
1838;0.748916421626;0.79225034133;0.672757784714;0.765748053503;0.721070952617
1839;0.748965586751;0.79165838929;0.672598075298;0.764868552654;0.719223968269
1840;0.749261895944;0.794439119888;0.673763242054;0.767437336285;0.717953457234
1841;0.74507430604;0.79186593986;0.669196293304;0.762760725123;0.717288721697
1842;0.744919090582;0.792676556583;0.669441418185;0.761823842732;0.716080756519
1843;0.743847989623;0.791465626828;0.668765827773;0.760211311805;0.715721066981
1844;0.747687349955;0.790028966221;0.669060194725;0.760955482919;0.714621752518
1845;0.748767606416;0.788368455014;0.669218593509;0.761381062567;0.713074453225
1846;0.74970421395;0.790293488088;0.671844415295;0.762596964102;0.71488951281
1847;0.751878377346;0.792493817634;0.673874252935;0.764332162343;0.717390582402
1848;0.751083037172;0.792885737947;0.672605823545;0.765070332456;0.716758459684
1849;0.75372182783;0.795740954579;0.677832519949;0.767766361586;0.718600534467
1850;0.754713403456;0.797729397498;0.678156952078;0.769592729099;0.721800648476
1851;0.755782517084;0.800409457136;0.680291499332;0.772060940694;0.724859207044
1852;0.756734905038;0.801175068238;0.678599815181;0.770567715605;0.725287490767
1853;0.759828442958;0.802219020603;0.681120007265;0.771582151942;0.726451615238
1854;0.76464849924;0.805876087678;0.687090208465;0.77657719964;0.728284197006
1855;0.766003564836;0.80793910016;0.690703014252;0.779724936099;0.730421039497
1856;0.7676985398;0.810234298804;0.693042751947;0.780863414127;0.73246091548
1857;0.766567354193;0.809555636165;0.692076394378;0.779754305873;0.731951192579
1858;0.765671233108;0.806504306902;0.688813893668;0.777202164322;0.731133444835
1859;0.768204326102;0.80941041359;0.692249198146;0.780909029619;0.734453125265
1860;0.769273977333;0.811380398438;0.692614597562;0.781073348068;0.73515579798
1861;0.769724522792;0.812773902826;0.692472029359;0.781619285191;0.735497585722
1862;0.769643817374;0.813528155279;0.693222569804;0.781868001636;0.734969687706
1863;0.769266383327;0.813799957901;0.693491078443;0.783599549331;0.736828354564
1864;0.766022941539;0.812170417473;0.690195791077;0.781084465894;0.736149838128
1865;0.763511385188;0.812929063329;0.689642561066;0.783772326448;0.735681918428
1866;0.767479759817;0.818083176887;0.693374198746;0.787845339295;0.738933506655
1867;0.769013478125;0.820590589423;0.697412601557;0.794722384674;0.743051159067
1868;0.766296856304;0.821652341848;0.696355854524;0.794277870538;0.743027595491
1869;0.770729544663;0.825281576713;0.700897934917;0.80201284166;0.744581429129
1870;0.774436253777;0.828934358525;0.708280347013;0.807003773681;0.746905555229
1871;0.773952511338;0.830810740359;0.711028410493;0.811534588671;0.7505418947
1872;0.771548379049;0.829360889578;0.710806389478;0.810460515114;0.75021653881
1873;0.773587428981;0.832344275317;0.713791212923;0.812541263571;0.750553991898
1874;0.77193857275;0.830679849378;0.7126922192;0.810457797936;0.74850151597
1875;0.772710122298;0.832378633515;0.713689257091;0.812191649027;0.749721106071
1876;0.771260051524;0.831792938276;0.711554671242;0.811611814453;0.74957005951
1877;0.764611591909;0.82755415282;0.704705039703;0.80693428802;0.747036577749
1878;0.765836820057;0.82900408096;0.707031178188;0.807368791245;0.747475951639
1879;0.768060753678;0.831446190126;0.709748051922;0.808385483058;0.748195065274
1880;0.771367005028;0.83411766809;0.713845664476;0.811435556721;0.75123553406
1881;0.771656175806;0.835358474788;0.71282380021;0.812083138595;0.752731705906
1882;0.769927463484;0.835231048742;0.711103904814;0.810902451384;0.750891246719
1883;0.7693376117;0.83651759491;0.712631129848;0.810846079865;0.752609670816
1884;0.768639281975;0.836723867513;0.712678514776;0.808918367574;0.751751881494
1885;0.768867378988;0.837836924373;0.714034882277;0.808992840606;0.752348088883
1886;0.767613916833;0.838050943041;0.711981968227;0.807460610571;0.752031363145
1887;0.769253789229;0.840288536462;0.714073759112;0.80963785835;0.754581857049
1888;0.77046396762;0.842469394609;0.716234947759;0.812097868244;0.755171341388
1889;0.771321127416;0.843601538481;0.718653000829;0.813124190014;0.75752600646
1890;0.772587723932;0.845880419614;0.720991726299;0.813810925737;0.758327899065
1891;0.773039182802;0.847215191989;0.723129792434;0.814543470874;0.759815883269
1892;0.7708190833;0.847061124589;0.721243668898;0.814884013939;0.759772806461
1893;0.771451834901;0.848525572559;0.725263550145;0.817767047693;0.761957371871
1894;0.772002545672;0.84971956156;0.727215291158;0.819197363377;0.762707042833
1895;0.772774783012;0.851388643096;0.728623496185;0.820939430041;0.763076522989
1896;0.770345577444;0.851036810221;0.729134417891;0.818851546708;0.76225686519
1897;0.770280264005;0.851877711179;0.729085964207;0.818108064818;0.762475139847
1898;0.771309270398;0.853857619493;0.731146978807;0.819881297457;0.76462398344
1899;0.77250224734;0.854833571376;0.733013766476;0.820421397447;0.764046042761
1900;0.774017291073;0.85569413514;0.735823519684;0.823647668187;0.765224053152
1901;0.772883175214;0.855548708799;0.736173143728;0.824342827164;0.767084625409
1902;0.772347771001;0.856248538554;0.738425334482;0.826079861669;0.767819276147
1903;0.772426265751;0.856728446366;0.739191497543;0.825488763474;0.769365978825
1904;0.773673748011;0.8593185766;0.742661943688;0.828815536204;0.772598431083
1905;0.775274363569;0.860234091159;0.744447012832;0.829831726939;0.773594843029
1906;0.775617597037;0.861736458003;0.747293999221;0.832349473334;0.775069673373
1907;0.773304591748;0.861853468411;0.745579920566;0.832394639438;0.775367076011
1908;0.77448862939;0.863172045507;0.749097245353;0.835020515735;0.77777146987
1909;0.774070958471;0.863775643902;0.749443283748;0.835252316228;0.778710094188
1910;0.774699784389;0.864064214128;0.751932012942;0.835857484596;0.779620123201
1911;0.774442321917;0.864504777895;0.754159972394;0.836376075775;0.779261686593
1912;0.7746771494;0.864842620542;0.756597929301;0.837641571354;0.779882451571
1913;0.774183150943;0.864261032961;0.757135651723;0.837224365693;0.778780666976
1914;0.771744143393;0.863399444795;0.755909930047;0.836201488276;0.779756953634
1915;0.771365523858;0.863442786425;0.758811285547;0.83600969344;0.78065598017
1916;0.773944713177;0.865415964304;0.767618562368;0.838276228605;0.782990935448
1917;0.77240461439;0.864992568113;0.767061650167;0.83879817874;0.782725004528
1918;0.772067279632;0.865160167474;0.773084663055;0.839648113383;0.782922215244
1919;0.771438058722;0.865187515944;0.773251289248;0.839805774443;0.781539153922
1920;0.770422414534;0.865731187402;0.773009332149;0.840400088214;0.781400285261
1921;0.769871757255;0.865085468769;0.771922319188;0.839307581507;0.780435982841
1922;0.769686657883;0.86483203177;0.771855637437;0.838655728397;0.780850832107
1923;0.769892670285;0.864863166281;0.773208578009;0.838271415741;0.782019699378
1924;0.769197600803;0.863694763325;0.773237151692;0.83804595608;0.781435203991
1925;0.769028755263;0.863861301432;0.773890142513;0.838883243299;0.781784752023
1926;0.769850278944;0.864604812609;0.774813728023;0.839453090869;0.783141957475
1927;0.77065226881;0.865466815866;0.776709331568;0.840271667696;0.783673887455
1928;0.77263621452;0.866522687646;0.779887098956;0.841717051216;0.784524050561
1929;0.772529327492;0.866683101446;0.781481106768;0.841793916637;0.78380247786
1930;0.772510219224;0.866844135108;0.783458108118;0.841909332065;0.784369750405
1931;0.772493242701;0.867578307061;0.784811996486;0.842430001136;0.785339686192
1932;0.772940629194;0.86769438342;0.785273365676;0.842494810374;0.785582387214
1933;0.771822915211;0.867693369618;0.786134611112;0.842628292768;0.785814285051
1934;0.772667155446;0.868462963075;0.787729017237;0.842877123746;0.786279034096
1935;0.773137212943;0.868870728199;0.788301881742;0.843065759651;0.78569301335
1936;0.773997380756;0.86984982536;0.790089800092;0.843614577826;0.785840737906
1937;0.773076247535;0.869443045878;0.791409618504;0.842724047127;0.786142429297
1938;0.770965945032;0.86853729585;0.790507016065;0.841355066956;0.78632426859
1939;0.773349084396;0.869618305013;0.793869879417;0.842732988257;0.787483548579
1940;0.772819780262;0.869626376858;0.794091489473;0.842565173761;0.786637440431
1941;0.771555782859;0.869057393876;0.796711998232;0.842144736613;0.786318817261
1942;0.771952450711;0.869630413031;0.799273373971;0.842919613005;0.785635321285
1943;0.772754161358;0.869840952599;0.799293209708;0.842654964908;0.783752359473
1944;0.772561353364;0.868667846956;0.798789081532;0.841057342532;0.781335777741
1945;0.772038751919;0.868538584147;0.798307727835;0.8401918229;0.781125351637
1946;0.772886349873;0.869015960973;0.799598501119;0.84083491041;0.780614179111
1947;0.771788500396;0.869189682165;0.799124468051;0.841477687083;0.781368560964
1948;0.772602849841;0.869290848751;0.800097053711;0.841652421544;0.781599444459
1949;0.772748393061;0.869479108266;0.800296939186;0.842139551658;0.780646619024
1950;0.770965538182;0.868535023831;0.800069496739;0.841458174585;0.780712759462
1951;0.774081112751;0.870363818402;0.803754882206;0.843055716141;0.783387087309
1952;0.774074516419;0.869739925349;0.803926991254;0.842925126485;0.783483419001
1953;0.773784858459;0.869672729738;0.804055171535;0.843047521912;0.783345450862
1954;0.773063097397;0.869889044937;0.804258709464;0.842973934264;0.783921234159
1955;0.772518709741;0.869443210706;0.804147807775;0.842745400531;0.783145810819
1956;0.772700281628;0.870082199851;0.805826597109;0.843350648818;0.783896789808
1957;0.772379851975;0.869629002788;0.806444102195;0.842650294102;0.783772752949
1958;0.771513202664;0.869345418631;0.806433657362;0.84255112265;0.783596986437
1959;0.771659130117;0.869816390489;0.805709692505;0.842452357839;0.782638972848
1960;0.773233923247;0.871432260347;0.807021101075;0.843586685266;0.782340290325
1961;0.771300048261;0.870442496254;0.807665463518;0.84270294685;0.781157321227
1962;0.771060204059;0.870413364132;0.807592190108;0.842593815602;0.780365093834
1963;0.77068818155;0.870505511891;0.807783011075;0.842684913011;0.780660295154
1964;0.769382505608;0.870296373701;0.807059711572;0.842049802273;0.779847028222
1965;0.769274830337;0.870409864349;0.807864074238;0.842045142298;0.780670255627
1966;0.770216725357;0.870590574033;0.808876970228;0.842137868453;0.781441240045
1967;0.769511275513;0.870878743934;0.80924891328;0.841974020657;0.781020870037
1968;0.769716274682;0.870911156829;0.808852344751;0.841649327838;0.781119139992
1969;0.769015842921;0.870756952262;0.808542520466;0.841017946572;0.780133594475
1970;0.76833112077;0.87060386878;0.808330366088;0.840457546381;0.780526712227
1971;0.767926798654;0.870333237607;0.80826640823;0.840326707261;0.780041841973
1972;0.7675004922;0.870175184449;0.808991890672;0.840018572399;0.779818497104
1973;0.766683219976;0.869904157794;0.809346921645;0.839531254632;0.779786987482
1974;0.765870711135;0.869618694815;0.809232811979;0.838977281922;0.779917377599
1975;0.765939009811;0.86967713679;0.80964690823;0.83935928648;0.780811239826
1976;0.765415230621;0.869667331118;0.809681843005;0.83945981994;0.780502652459
1977;0.764303594569;0.868888387469;0.808764385079;0.839688617002;0.78082909912
1978;0.763787622313;0.868482985336;0.808589033042;0.838988730622;0.780198999131
1979;0.763026106137;0.867869996687;0.808042258769;0.838495073401;0.780533768252
1980;0.76342466877;0.86888603463;0.808818230594;0.839376532483;0.781136552707
1981;0.763215314606;0.868603378729;0.808344715982;0.83884084092;0.780619215671
1982;0.762174984697;0.868534406977;0.80806786059;0.838946379026;0.7802193359
1983;0.762066210742;0.869018645236;0.807763837024;0.839060121008;0.780115422115
1984;0.762482230662;0.86982299451;0.807830717141;0.839561339828;0.77996834429
1985;0.762501337167;0.869567404878;0.807722660596;0.839279264097;0.779137413065
1986;0.762482068997;0.870185820906;0.807757450971;0.839457911036;0.77977913642
1987;0.762256514717;0.870527475974;0.807250690016;0.839094482635;0.779333849531
1988;0.762975314349;0.871273705428;0.807618120145;0.839423428336;0.778851674902
1989;0.763939323833;0.872403915559;0.809356486262;0.840064068319;0.779460277901
1990;0.763385629871;0.872228341319;0.808984524655;0.839572801828;0.779593597308
1991;0.763411058872;0.872779774715;0.8100160905;0.840464678029;0.780007757772
1992;0.764105865943;0.873169245285;0.810610803064;0.840578883311;0.780274302608
1993;0.7644021062;0.873429610177;0.811077599388;0.841010666811;0.780875314341
1994;0.763245192537;0.873003292268;0.809838985408;0.840893488473;0.780488782509
1995;0.764356079798;0.873064567955;0.809362540179;0.841222864475;0.779381522758
1996;0.764379466251;0.873511772386;0.809355938526;0.841085534341;0.7787267007
1997;0.765835571679;0.873914148204;0.810232881303;0.841164221114;0.778813709996
1998;0.766391802086;0.874458387293;0.809850569001;0.84110317273;0.778632450982
1999;0.764600556164;0.873755700719;0.809060846665;0.839695766342;0.777948020181
2000;0.764854660017;0.873412595157;0.809275926003;0.839981249357;0.778795865009
2001;0.763582424832;0.872593450756;0.808654438136;0.839322451746;0.778449305351
2002;0.762954956081;0.87222711437;0.808012688722;0.839006080832;0.778023791332
2003;0.761544818274;0.871988412121;0.807599054076;0.838000374491;0.776871522179
2004;0.761471739977;0.87173585615;0.807798349225;0.838585271403;0.776985859252
2005;0.762987057623;0.871587363271;0.808098278674;0.838114942701;0.776555385446
2006;0.76433070498;0.872070459856;0.808469409833;0.838638543028;0.776870882585
2007;0.76322316246;0.871599239367;0.807277220887;0.837251070031;0.776024712299
2008;0.763003624658;0.871491819173;0.80612416052;0.836267837517;0.77521658975
2009;0.763635896015;0.871378174317;0.806123868261;0.836312279767;0.774733479346
